   0    0.01   -0.00   -0.00    0.00   -0.00    0.00    0.00    0.00    0.00
   1    0.01   -0.00   -0.00    0.00   -0.00   -0.00    0.00   -0.00    0.00
   2    0.01   -0.00   -0.00    0.00   -0.00   -0.00    0.00   -0.00    0.00
   3    0.01   -0.00   -0.00    0.00   -0.00   -0.00    0.00   -0.00    0.00
   4    0.01   -0.00   -0.00   -0.00   -0.00   -0.00    0.00   -0.00    0.00
   5    0.01   -0.00   -0.00   -0.00   -0.00    0.00    0.00   -0.00    0.00
   6    0.01   -0.00   -0.00   -0.00   -0.00    0.00   -0.00   -0.00    0.00
   7    0.01   -0.00   -0.00   -0.00   -0.00    0.00   -0.00    0.00   -0.00
   8    0.01   -0.00   -0.00    0.00   -0.00    0.00   -0.00    0.00   -0.00
   9    0.01   -0.00   -0.00    0.00   -0.00   -0.00    0.00    0.00   -0.00
  10    0.01   -0.00    0.00    0.00   -0.00   -0.00    0.00    0.00   -0.00
  11    0.01   -0.00    0.00   -0.00   -0.00    0.00    0.00   -0.00    0.00
  12    0.01    0.00    0.00   -0.00    0.00    0.00   -0.00   -0.00    0.00
  13    0.01    0.00    0.00   -0.00    0.00    0.00   -0.00   -0.00    0.00
  14    0.01    0.00    0.00    0.00   -0.00    0.00   -0.00    0.00   -0.00
  15    0.01    0.01    0.00    0.01   -0.00    0.00    0.00    0.00   -0.00
  16    0.02    0.01    0.00    0.01    0.00    0.00    0.00    0.00   -0.00
  17    0.03    0.03    0.00    0.01    0.00    0.00    0.00    0.00   -0.00
  18    0.04    0.04    0.01    0.02    0.01    0.00    0.00   -0.00    0.00
  19    0.05    0.06    0.01    0.02    0.01    0.00    0.00   -0.00    0.00
  20    0.06    0.07    0.01    0.02    0.01   -0.00    0.00   -0.00   -0.00
  21    0.07    0.07    0.01    0.01    0.01   -0.01    0.00   -0.00   -0.00
  22    0.08    0.06    0.01   -0.01    0.01   -0.01    0.00   -0.00   -0.00
  23    0.08    0.04    0.01   -0.03    0.01   -0.02    0.00   -0.00   -0.00
  24    0.09    0.01    0.01   -0.05    0.01   -0.01   -0.00   -0.00    0.00
  25    0.12   -0.02    0.02   -0.07    0.01   -0.01   -0.00   -0.00    0.00
  26    0.15   -0.07    0.03   -0.07    0.00    0.00   -0.01    0.00    0.00
  27    0.19   -0.12    0.03   -0.05   -0.01    0.00   -0.00    0.01    0.00
  28    0.21   -0.17    0.04   -0.02   -0.02   -0.00    0.00    0.01   -0.00
  29    0.22   -0.20    0.05    0.01   -0.03   -0.01    0.01    0.01   -0.01
  30    0.20   -0.21    0.05    0.03   -0.03   -0.02    0.02    0.02   -0.01
  31    0.16   -0.18    0.04    0.04   -0.03   -0.03    0.02    0.01   -0.01
  32    0.12   -0.12    0.03    0.03   -0.02   -0.02    0.02    0.01   -0.01
  33    0.07   -0.06    0.02    0.01   -0.01   -0.01    0.01    0.01   -0.00
  34    0.04   -0.02    0.01   -0.00   -0.01   -0.00    0.00    0.00   -0.00
  35    0.02    0.00    0.00   -0.01   -0.00    0.01   -0.00    0.00   -0.00
  36    0.02   -0.00    0.00   -0.01    0.00    0.01   -0.00    0.00   -0.00
  37    0.02   -0.01    0.00   -0.01    0.00    0.00   -0.00   -0.00   -0.00
  38    0.02   -0.01    0.00   -0.00    0.00    0.00   -0.00   -0.00   -0.00
  39    0.02   -0.01    0.00   -0.00    0.00    0.00   -0.00   -0.00   -0.00
