    -0.964
    -1.851
    -1.785
    -0.698
     0.467
     0.534
     0.134
    -0.144
    -0.021
     0.142
     0.105
    -0.004
    -0.034
    -1.227
    -2.747
    -0.540
    -2.129
    -0.037
     0.193
    -0.089
    -0.898
     0.041
     0.101
    -0.001
    -0.016
     0.078
    -0.036
    -0.013
    -0.004
     0.002
    -0.001
    -0.001
     0.002
     0.050
     0.283
    -0.019
    -0.033
    -0.001
     0.002
     0.000
    -0.000
     0.000
     0.000
    -0.019
     0.203
    -0.007
    -0.021
     0.000
     0.002
    -0.000
     0.000
     0.000
     0.000
     0.000
     0.000
    -0.017
     0.052
     0.003
     0.004
    -0.000
     0.001
    -0.000
     0.000
     0.000
     0.000
     0.000
     0.000
     0.000
     0.000
     0.008
    -0.011
     0.003
     0.010
    -0.000
    -0.000
    -0.000
     0.000
     0.000
     0.000
     0.000
     0.000
     0.000
     0.000
     0.000
     0.000
    -0.000
    -0.022
     0.000
     0.004
     0.000
    -0.000
    -0.000
     0.000
     0.000
     0.000
     0.000
     0.000
     0.000
     0.000
     0.000
     0.000
     0.000
     0.000
    -0.019
    -0.023
    -0.001
    -0.001
     0.000
     0.000
    -0.000
     0.000
     0.000
     0.000
     0.000
     0.000
     0.000
     0.000
     0.000
     0.000
     0.000
     0.000
     0.000
     0.000
    -0.013
    -0.021
    -0.001
    -0.002
     0.000
     0.000
    -0.000
    -0.000
     0.000
     0.000
     0.000
     0.000
     0.000
     0.000
     0.000
     0.000
     0.000
     0.000
     0.000
     0.000
     0.000
     0.000
    -0.001
    -0.010
    -0.000
    -0.001
     0.000
     0.000
    -0.000
    -0.000
     0.000
     0.000
     0.000
     0.000
     0.000
     0.000
     0.000
     0.000
     0.000
     0.000
     0.000
     0.000
     0.000
     0.000
     0.000
     0.000
