   0    0.2961   -0.3370   -0.0016    0.0702   -0.0059    0.0083    0.0030   -0.0024   -0.0009
   1    0.5434   -0.5406   -0.0025    0.1205   -0.0055    0.0052    0.0068   -0.0012   -0.0004
   2    0.8568   -0.8535    0.0141    0.1711    0.0121   -0.0245    0.0123   -0.0038   -0.0008
   3    1.2117   -1.1223    0.0212    0.1746    0.0152   -0.0158    0.0080   -0.0099   -0.0002
   4    1.5288   -1.3561    0.0125    0.1718    0.0158   -0.0370    0.0199   -0.0025   -0.0005
   5    1.8663   -1.5317    0.0255    0.1239    0.0339   -0.0320    0.0334    0.0008   -0.0009
   6    2.1484   -1.6627    0.0184    0.1174    0.0307   -0.0489    0.0451    0.0228   -0.0015
   7    2.3953   -1.6650    0.0106    0.1058    0.0493   -0.0524    0.0511    0.0489   -0.0006
   8    2.6243   -1.5768    0.0198    0.0848    0.0584   -0.0578    0.0350    0.0572    0.0001
   9    2.9645   -1.4991    0.0005    0.1354    0.0545   -0.0196    0.0216    0.0564    0.0002
  10    3.3494   -1.3233    0.0030    0.2488    0.0509    0.0458    0.0116    0.0726    0.0001
