   0   -0.1663    0.1683    0.0012   -0.0179    0.0035   -0.0209    0.0011    0.0093    0.0005
   1   -0.2304    0.2013    0.0074   -0.0262   -0.0021   -0.0225   -0.0050    0.0077    0.0005
   2   -0.2330    0.2563   -0.0086   -0.0231   -0.0201   -0.0019   -0.0092    0.0172    0.0007
   3   -0.1687    0.2155   -0.0193    0.0203   -0.0221   -0.0096   -0.0052    0.0227    0.0003
   4   -0.0532    0.1856   -0.0282    0.0469   -0.0186    0.0169   -0.0217    0.0161    0.0002
   5    0.0510    0.1773   -0.0530    0.0833   -0.0243    0.0105   -0.0313    0.0095    0.0008
   6    0.1326    0.2232   -0.0586    0.0524   -0.0161    0.0333   -0.0436   -0.0090    0.0014
   7    0.1615    0.2588   -0.0736    0.0276   -0.0318    0.0369   -0.0484   -0.0274    0.0003
   8    0.1161    0.2966   -0.1023   -0.0022   -0.0297    0.0468   -0.0257   -0.0377   -0.0001
   9    0.0895    0.3576   -0.0886   -0.0708   -0.0195   -0.0001   -0.0164   -0.0237   -0.0000
  10    0.0328    0.4547   -0.0685   -0.1808   -0.0100   -0.0486   -0.0072   -0.0393    0.0000
