   0    1.76   -0.22    0.42   -0.12   -0.03    0.12    0.34   -0.09   -0.03   -0.03    0.02   -0.01    0.01
   1    2.43   -0.43    0.44   -0.36   -0.09    0.17    0.40   -0.10   -0.06   -0.01    0.02    0.02    0.03
   2    2.95   -0.59    0.35   -0.56   -0.14    0.20    0.43   -0.12   -0.07    0.01    0.03    0.05    0.03
   3    3.29   -0.77    0.28   -0.64   -0.23    0.19    0.45   -0.15   -0.05    0.01    0.04    0.06    0.02
   4    3.58   -1.02    0.28   -0.71   -0.46    0.17    0.50   -0.17   -0.06    0.01    0.04    0.04    0.01
   5    3.92   -1.19    0.28   -0.90   -0.79    0.18    0.52   -0.17   -0.06    0.03    0.03    0.02    0.01
   6    4.21   -1.16    0.30   -1.07   -1.05    0.25    0.46   -0.15   -0.04    0.09    0.03    0.01   -0.01
   7    4.42   -0.99    0.38   -1.06   -1.24    0.36    0.38   -0.14   -0.05    0.18    0.05   -0.01   -0.03
   8    4.67   -0.57    0.48   -0.92   -1.31    0.45    0.31   -0.13   -0.06    0.22    0.04   -0.01   -0.02
   9    5.16    0.31    0.54   -0.79   -1.29    0.46    0.14   -0.09   -0.07    0.21   -0.02    0.00   -0.00
  10    5.88    1.27    0.62   -0.77   -1.20    0.28   -0.10   -0.13   -0.08    0.17   -0.05    0.02    0.03
  11    6.61    1.50    0.83   -0.83   -0.80   -0.09   -0.17   -0.20    0.07    0.07   -0.06    0.02    0.07
  12    7.12    0.85    1.08   -0.89   -0.40   -0.40   -0.04   -0.21    0.31   -0.01   -0.13    0.03    0.08
  13    7.48   -0.06    1.26   -0.95   -0.45   -0.54    0.19   -0.23    0.32   -0.01   -0.20    0.04    0.02
  14    7.73   -0.84    1.27   -0.90   -0.80   -0.55    0.36   -0.21    0.08   -0.00   -0.14    0.05   -0.05
  15    7.74   -0.96    0.96   -0.44   -1.10   -0.28    0.27    0.02   -0.17    0.06   -0.03    0.06   -0.07
  16    7.34   -0.34    0.57    0.07   -1.07    0.02    0.13    0.31   -0.25    0.16   -0.05    0.05   -0.06
  17    6.67    0.01    0.38   -0.03   -0.80   -0.02    0.13    0.36   -0.18    0.21   -0.13    0.01   -0.05
  18    6.33   -0.03    0.34   -0.25   -0.67   -0.13    0.16    0.30   -0.13    0.21   -0.16   -0.01   -0.04
  19    6.33   -0.03    0.34   -0.25   -0.67   -0.13    0.16    0.30   -0.13    0.21   -0.16   -0.01   -0.04
