   0    1.16    0.08    0.17   -0.03   -0.01   -0.09    0.16   -0.05   -0.01    0.01    0.01   -0.00   -0.01
   1    1.58    0.13    0.15   -0.04   -0.04   -0.07    0.23   -0.06    0.00    0.01    0.04    0.00   -0.02
   2    1.92    0.10    0.09   -0.08   -0.09   -0.07    0.28   -0.07    0.00    0.03    0.06    0.01   -0.03
   3    2.20    0.04    0.09   -0.08   -0.14   -0.05    0.30   -0.09    0.00    0.03    0.07    0.02   -0.04
   4    2.45   -0.01    0.11   -0.02   -0.23   -0.05    0.33   -0.12   -0.02    0.02    0.09   -0.00   -0.04
   5    2.83   -0.06    0.08    0.17   -0.44   -0.11    0.38   -0.11   -0.07    0.01    0.14   -0.02   -0.03
   6    3.34    0.03    0.03    0.48   -0.69   -0.14    0.39   -0.04   -0.17    0.05    0.20   -0.04   -0.04
   7    3.87    0.56   -0.04    0.69   -0.77   -0.06    0.32   -0.01   -0.26    0.13    0.20   -0.05   -0.06
   8    4.71    1.68   -0.08    0.69   -0.47   -0.16    0.40   -0.07   -0.19    0.14    0.12   -0.04   -0.05
   9    6.13    3.07   -0.15    0.40    0.08   -0.46    0.62   -0.15   -0.06    0.13    0.07   -0.05   -0.01
  10    7.60    3.73   -0.47   -0.25    0.34   -0.67    0.55   -0.10   -0.03    0.17    0.12   -0.02    0.04
  11    8.27    2.64   -0.62   -0.84    0.51   -0.60    0.19   -0.10    0.01    0.18    0.14    0.03    0.05
  12    8.24    0.53   -0.10   -1.06    0.79   -0.50   -0.10   -0.22    0.12    0.10    0.00    0.02    0.03
  13    8.46   -1.20    0.92   -1.12    0.65   -0.38   -0.22   -0.29    0.13    0.02   -0.14   -0.02    0.01
  14    9.11   -2.58    1.76   -1.02    0.24   -0.08   -0.11   -0.25    0.11   -0.05   -0.08   -0.03   -0.02
  15    9.24   -3.15    1.78   -0.54    0.09    0.07    0.17   -0.04    0.16   -0.09    0.07   -0.07   -0.04
  16    8.30   -2.41    1.09   -0.04    0.38   -0.05    0.20    0.16    0.17   -0.04    0.07   -0.06   -0.02
  17    7.27   -1.49    0.42    0.05    0.86   -0.22   -0.03    0.07    0.12    0.05   -0.01   -0.02    0.01
  18    6.94   -1.21    0.18   -0.00    1.08   -0.30   -0.15   -0.05    0.09    0.09   -0.03    0.01    0.01
  19    6.94   -1.21    0.18   -0.00    1.08   -0.30   -0.15   -0.05    0.09    0.09   -0.03    0.01    0.01
