   0     2.014    -0.071    -0.034     0.105    -0.066    -0.025    -0.035     0.012    -0.000
   1     0.068     0.000    -0.132    -0.095    -0.080     0.034    -0.040    -0.068     0.000
   2     0.155     0.054     0.018    -0.006     0.002     0.002    -0.023     0.002    -0.000
   3     0.034     0.022    -0.065     0.026    -0.021    -0.034    -0.002     0.037    -0.000
   4    -0.132     0.026     0.035    -0.028    -0.004    -0.019    -0.005    -0.015     0.000
   5    -0.093     0.070     0.013    -0.009     0.016     0.034     0.027    -0.024     0.000
   6     0.280    -0.023    -0.013    -0.016    -0.037     0.012    -0.018    -0.021     0.000
   7    -0.089    -0.030     0.006     0.009     0.018     0.014     0.016     0.008    -0.000
   8    -0.003    -0.060    -0.005     0.012    -0.008    -0.018    -0.010    -0.011     0.000
   9     0.033    -0.013     0.004     0.010     0.010     0.003    -0.000     0.004    -0.000
  10     0.060     0.012    -0.008    -0.002    -0.006     0.001    -0.006    -0.002     0.000
  11    -0.006     0.001     0.001     0.004    -0.002     0.003    -0.003    -0.003     0.000
  12    -0.024     0.005    -0.010    -0.004    -0.006    -0.003    -0.000    -0.001     0.000
