   0     9.456    -1.008     0.502     0.171    -0.152     0.272    -0.024    -0.017     0.000
   1    -1.036     1.098     0.009    -0.105    -0.023     0.052     0.095     0.110     0.000
   2     1.578    -0.259     1.519    -0.026    -0.261     0.036     0.022     0.035    -0.000
   3    -1.153     0.261    -0.117     0.213     0.094    -0.168     0.024    -0.093     0.000
   4     0.546    -0.048    -0.075     0.048     0.318    -0.084    -0.037     0.113    -0.000
   5    -0.067    -0.159     0.104     0.034    -0.111    -0.003     0.003    -0.074     0.000
   6    -0.218     0.057    -0.013    -0.202     0.070    -0.030     0.058    -0.012     0.000
   7     0.006    -0.126     0.056     0.027    -0.062     0.078     0.034     0.054    -0.000
   8     0.128     0.006    -0.152     0.085    -0.027     0.015     0.010    -0.111     0.000
   9     0.025    -0.005     0.011     0.002    -0.010    -0.019    -0.018     0.040    -0.000
  10    -0.057     0.034    -0.029    -0.028    -0.021    -0.018    -0.003    -0.036     0.000
  11    -0.013    -0.041     0.024    -0.005     0.000    -0.018    -0.016     0.006     0.000
  12    -0.007    -0.004     0.009     0.021     0.004     0.007     0.003     0.024    -0.000
