   0     5.295    -0.834    -0.025     0.215    -0.033     0.114    -0.042     0.015     0.000
   1     2.245    -0.731    -0.163     0.070    -0.000     0.119    -0.071    -0.042    -0.000
   2    -0.711     0.446     0.086    -0.138     0.012    -0.062     0.010    -0.011    -0.000
   3     0.281     0.156    -0.137    -0.272     0.014    -0.043    -0.028     0.039     0.000
   4    -0.635     0.113     0.207     0.043     0.006    -0.030     0.071     0.019    -0.000
   5    -0.374     0.061    -0.013    -0.047     0.023    -0.043     0.074     0.015     0.000
   6     0.574    -0.013     0.075     0.061    -0.086     0.036     0.009    -0.038    -0.000
   7    -0.110     0.015    -0.016    -0.007    -0.033     0.042     0.015    -0.033     0.000
   8    -0.096     0.014     0.023     0.020    -0.037     0.027     0.003     0.017    -0.000
   9     0.068     0.014    -0.032    -0.001    -0.023     0.030     0.001    -0.012     0.000
  10     0.115     0.019    -0.026    -0.011     0.002    -0.039    -0.008     0.023    -0.000
  11    -0.031    -0.017    -0.007     0.010    -0.012    -0.011    -0.004     0.003    -0.000
  12    -0.030    -0.017    -0.007     0.004    -0.008    -0.011     0.005    -0.000     0.000
