   0     8.783    -1.364     0.424     0.198    -0.033     0.133    -0.031     0.064    -0.000
   1     2.403    -0.158     0.198    -0.212     0.057     0.034    -0.055     0.096    -0.000
   2     0.071    -0.350     0.237     0.001    -0.062     0.022     0.008    -0.089     0.000
   3    -0.767     0.699     0.146    -0.165    -0.041    -0.105     0.002     0.065    -0.000
   4     0.659    -0.356     0.154     0.089     0.127    -0.054     0.036     0.012     0.000
   5    -0.350     0.045     0.122     0.092    -0.039    -0.030    -0.030    -0.045     0.000
   6     0.152    -0.042    -0.035    -0.054    -0.037     0.008    -0.017    -0.041     0.000
   7    -0.028     0.061    -0.042     0.048    -0.029     0.019     0.019     0.019    -0.000
   8    -0.030    -0.096    -0.030     0.035     0.018    -0.013    -0.004    -0.020     0.000
   9     0.025    -0.025     0.022     0.030     0.008     0.024    -0.023     0.010    -0.000
  10     0.067     0.018     0.001     0.007    -0.008    -0.029     0.004    -0.029     0.000
  11    -0.016     0.033    -0.010     0.009     0.002     0.011    -0.032     0.006    -0.000
  12    -0.025    -0.002     0.042     0.008    -0.000    -0.001     0.012     0.017    -0.000
