   0     8.097    -1.178     0.247     0.207     0.010     0.143    -0.054     0.053    -0.000
   1     3.596    -0.420     0.105    -0.093     0.045     0.120    -0.079     0.006    -0.000
   2    -0.428    -0.028     0.047    -0.031    -0.103    -0.105     0.031    -0.112     0.000
   3    -0.367     0.793    -0.032    -0.303    -0.041    -0.106     0.008     0.052     0.000
   4     0.296    -0.315     0.162     0.052     0.031    -0.001     0.069    -0.096     0.000
   5    -0.465     0.161     0.054     0.100    -0.043    -0.057     0.052    -0.032     0.000
   6     0.442    -0.056     0.006    -0.015    -0.092     0.091    -0.002    -0.094     0.000
   7    -0.101     0.081    -0.091     0.066    -0.060    -0.015     0.022    -0.007     0.000
   8    -0.133    -0.048     0.000    -0.014     0.012     0.040    -0.009     0.002    -0.000
   9     0.014    -0.001    -0.005     0.040    -0.016     0.008    -0.019    -0.009    -0.000
  10     0.115     0.019    -0.015     0.006    -0.006    -0.016     0.003     0.002    -0.000
  11    -0.037     0.026    -0.011     0.013    -0.012     0.009    -0.033     0.003     0.000
  12    -0.037    -0.021     0.007     0.004    -0.004    -0.005     0.018     0.019    -0.000
