   0     4.097    -0.471    -0.015     0.156    -0.062     0.064    -0.057     0.008     0.000
   1     1.109    -0.480    -0.073     0.062    -0.031     0.127    -0.052    -0.023    -0.000
   2    -0.393     0.298     0.062    -0.159     0.060     0.003    -0.025     0.003     0.000
   3     0.289    -0.015    -0.072    -0.166     0.004    -0.006    -0.042     0.007     0.000
   4    -0.732     0.200     0.134    -0.028     0.037    -0.006     0.045     0.049    -0.000
   5    -0.245     0.011     0.008    -0.027     0.010     0.005     0.091     0.015    -0.000
   6     0.424     0.007     0.029     0.041    -0.084    -0.011    -0.012    -0.003     0.000
   7    -0.063     0.016     0.010     0.030    -0.043     0.036     0.013    -0.026     0.000
   8    -0.086    -0.000     0.035     0.033    -0.023    -0.016     0.001     0.018    -0.000
   9     0.083     0.013    -0.022     0.022    -0.025     0.031     0.010    -0.005    -0.000
  10     0.114     0.015    -0.027    -0.009     0.016    -0.044    -0.018     0.012     0.000
  11    -0.020    -0.019     0.004     0.016    -0.008    -0.003    -0.007    -0.004     0.000
  12    -0.004    -0.003    -0.014     0.002     0.004    -0.011     0.000     0.001     0.000
