   0     2.563    -0.081     0.001     0.122    -0.027    -0.011    -0.025     0.031     0.000
   1     0.057     0.050    -0.037    -0.053    -0.033     0.119    -0.025    -0.052     0.000
   2     0.199     0.051     0.052    -0.031    -0.012    -0.002     0.006     0.007    -0.000
   3     0.019    -0.017    -0.065     0.020    -0.031    -0.027     0.014     0.056    -0.000
   4    -0.221     0.055     0.025    -0.005    -0.023    -0.024     0.017     0.013     0.000
   5    -0.127     0.084    -0.012    -0.008    -0.004     0.025     0.052    -0.014     0.000
   6     0.341    -0.068     0.001    -0.023    -0.041    -0.000     0.004    -0.012     0.000
   7    -0.100    -0.019    -0.030     0.008     0.008    -0.003     0.015     0.004    -0.000
   8    -0.029    -0.077     0.024     0.028    -0.006    -0.022    -0.000    -0.010    -0.000
   9     0.049    -0.015    -0.010     0.008     0.006    -0.003    -0.000     0.001     0.000
  10     0.054     0.015    -0.004    -0.010     0.000    -0.004    -0.006    -0.001     0.000
  11    -0.022     0.005     0.005    -0.006     0.002     0.010    -0.006    -0.008     0.000
  12    -0.039     0.008    -0.002    -0.006    -0.008     0.001     0.002    -0.003     0.000
