   0     8.051     0.731    -0.111     0.037    -0.179     0.104    -0.112    -0.063     0.000
   1    -1.775    -0.497     0.010     0.279     0.265     0.238     0.022    -0.297     0.000
   2     1.152     0.261     0.695     0.075     0.162    -0.016    -0.003     0.030    -0.000
   3    -0.025    -0.374    -0.438    -0.103     0.025    -0.152    -0.215    -0.106     0.000
   4     0.118     0.020     0.264    -0.005    -0.002     0.029     0.100     0.022    -0.000
   5    -0.222     0.004    -0.105    -0.100    -0.014    -0.046    -0.054    -0.125     0.000
   6    -0.024    -0.135     0.063    -0.032    -0.033    -0.010     0.048    -0.004    -0.000
   7    -0.010     0.170    -0.034    -0.026    -0.039     0.008    -0.083     0.037    -0.000
   8    -0.024     0.005    -0.057     0.022    -0.021     0.053     0.029    -0.037     0.000
   9     0.009    -0.007     0.056     0.057    -0.012     0.009    -0.001     0.043    -0.000
  10     0.025     0.050    -0.002     0.030    -0.025     0.016    -0.017     0.014    -0.000
  11    -0.006     0.002    -0.005    -0.006    -0.004    -0.008     0.025     0.003    -0.000
  12    -0.024    -0.021     0.007    -0.010     0.000    -0.005    -0.005     0.014    -0.000
