   0     1.637    -0.003    -0.006     0.061    -0.062     0.030    -0.045     0.002    -0.000
   1     0.141    -0.028    -0.059    -0.033    -0.051     0.015    -0.048    -0.023     0.000
   2     0.145     0.038    -0.015     0.008     0.004    -0.006    -0.035     0.004     0.000
   3     0.024     0.048    -0.053     0.008    -0.010    -0.006    -0.016     0.014    -0.000
   4    -0.093     0.034     0.035    -0.027    -0.002    -0.011    -0.012    -0.013     0.000
   5    -0.074     0.031     0.002     0.008     0.027     0.005     0.014    -0.022     0.000
   6     0.244     0.011    -0.005    -0.002    -0.029     0.012    -0.019    -0.001    -0.000
   7    -0.077    -0.023     0.005    -0.002     0.014     0.009     0.013     0.000    -0.000
   8     0.009    -0.031     0.004     0.006    -0.012     0.002    -0.007    -0.005    -0.000
   9     0.025    -0.015    -0.000     0.008     0.004     0.004    -0.000     0.004    -0.000
  10     0.053     0.013    -0.006     0.006    -0.002    -0.002    -0.007     0.000    -0.000
  11    -0.001    -0.006     0.000     0.002    -0.000     0.001     0.000    -0.005     0.000
  12    -0.020     0.004    -0.006    -0.004    -0.004    -0.006    -0.001    -0.000     0.000
