   0     7.161     0.563    -0.101     0.015    -0.195     0.014    -0.114    -0.099     0.000
   1    -1.037    -0.511    -0.057     0.096     0.255     0.118     0.016    -0.154     0.000
   2     0.582     0.130     0.455     0.048     0.099    -0.143    -0.074    -0.043     0.000
   3     0.187    -0.268    -0.290    -0.160     0.039    -0.174    -0.177    -0.094     0.000
   4     0.222     0.132     0.197    -0.094    -0.158    -0.104    -0.043    -0.045     0.000
   5    -0.217     0.057    -0.119    -0.123     0.066    -0.016    -0.127    -0.084     0.000
   6    -0.036    -0.102     0.055    -0.084    -0.135    -0.001    -0.023    -0.044     0.000
   7    -0.023     0.104    -0.056     0.057     0.025     0.016    -0.097     0.032    -0.000
   8     0.058     0.058    -0.046     0.011    -0.084     0.032     0.011    -0.051     0.000
   9     0.028    -0.010     0.045     0.086    -0.006     0.032    -0.014     0.015    -0.000
  10     0.028     0.078    -0.019     0.025    -0.033     0.003    -0.010     0.007    -0.000
  11    -0.022    -0.007    -0.007     0.002     0.023     0.002     0.020     0.004    -0.000
  12    -0.020     0.002    -0.007    -0.010     0.006    -0.005    -0.011     0.006     0.000
