   0     3.355    -0.181     0.006     0.092    -0.027     0.035    -0.060     0.024     0.000
   1     0.504    -0.235     0.054     0.029     0.018     0.183    -0.034    -0.014     0.000
   2    -0.028     0.079     0.049    -0.083     0.041    -0.006    -0.028     0.001     0.000
   3     0.187    -0.059    -0.083    -0.068    -0.010     0.003    -0.023     0.008    -0.000
   4    -0.563     0.148     0.102    -0.028     0.014     0.020     0.033     0.030    -0.000
   5    -0.173    -0.013     0.013     0.014     0.006     0.052     0.088    -0.012    -0.000
   6     0.371    -0.009     0.004     0.006    -0.066    -0.020    -0.007     0.009    -0.000
   7    -0.094    -0.002    -0.030     0.035    -0.041     0.008     0.015    -0.016    -0.000
   8    -0.080    -0.025     0.064     0.026    -0.002    -0.019     0.005     0.010    -0.000
   9     0.067     0.006    -0.014     0.021    -0.018     0.020     0.007    -0.005     0.000
  10     0.084     0.004    -0.024    -0.007     0.014    -0.036    -0.013     0.001     0.000
  11    -0.025    -0.014     0.008     0.006    -0.002     0.006    -0.007    -0.006     0.000
  12    -0.003    -0.011    -0.002    -0.000     0.004    -0.003     0.002    -0.002     0.000
