   0     2.878    -0.064     0.009     0.063    -0.004     0.029    -0.042     0.021    -0.000
   1     0.230    -0.098     0.031     0.027     0.027     0.167    -0.027    -0.026     0.000
   2     0.171    -0.004     0.049    -0.021     0.018    -0.027    -0.008     0.015     0.000
   3     0.070    -0.058    -0.095    -0.023    -0.002     0.004    -0.006     0.036    -0.000
   4    -0.360     0.075     0.054     0.000    -0.012     0.005     0.027     0.022    -0.000
   5    -0.138    -0.004    -0.008     0.032     0.016     0.043     0.068    -0.015    -0.000
   6     0.377    -0.065    -0.000    -0.017    -0.045    -0.012     0.009     0.006    -0.000
   7    -0.114    -0.024    -0.049     0.010    -0.008    -0.003     0.015    -0.008    -0.000
   8    -0.058    -0.048     0.055     0.024    -0.004    -0.010     0.008    -0.007    -0.000
   9     0.054    -0.007    -0.016     0.006    -0.004     0.009     0.002    -0.005     0.000
  10     0.061     0.004    -0.010    -0.007     0.008    -0.020    -0.007     0.000     0.000
  11    -0.027    -0.001     0.008    -0.006     0.002     0.010    -0.007    -0.008     0.000
  12    -0.024    -0.006     0.000    -0.006    -0.004     0.001     0.000    -0.003     0.000
