   0     9.034     0.645    -0.009     0.037    -0.119     0.257    -0.133    -0.013    -0.000
   1    -2.316    -0.057     0.008     0.359     0.060     0.172     0.015    -0.238     0.000
   2     1.827     0.242     1.225     0.103     0.094     0.077    -0.012     0.098     0.000
   3    -0.634    -0.335    -0.517     0.003     0.080    -0.074    -0.169    -0.076     0.000
   4     0.083    -0.027     0.073     0.056     0.068     0.070     0.070     0.044    -0.000
   5    -0.044     0.006    -0.057    -0.010    -0.090    -0.046     0.038    -0.102     0.000
   6    -0.068    -0.206     0.020    -0.014    -0.012    -0.043     0.076     0.043    -0.000
   7     0.009     0.146    -0.031    -0.073    -0.043     0.037    -0.008     0.045    -0.000
   8    -0.038    -0.008    -0.058     0.003    -0.008     0.044     0.003    -0.045     0.000
   9     0.022    -0.008     0.013     0.032     0.025     0.004    -0.004     0.049    -0.000
  10    -0.009     0.046     0.019     0.011    -0.033     0.008    -0.022     0.006    -0.000
  11    -0.006    -0.014    -0.001    -0.003     0.004    -0.014     0.018    -0.006     0.000
  12    -0.024    -0.022     0.007    -0.017    -0.002    -0.008    -0.011     0.016    -0.000
