   0     6.846     0.492    -0.110     0.002    -0.185    -0.000    -0.124    -0.105     0.000
   1    -0.702    -0.449    -0.129     0.018     0.189     0.028    -0.004    -0.057    -0.000
   2     0.411     0.067     0.389     0.053     0.072    -0.192    -0.122    -0.059     0.000
   3     0.159    -0.219    -0.243    -0.192     0.066    -0.161    -0.152    -0.078     0.000
   4     0.275     0.174     0.132    -0.144    -0.250    -0.191    -0.137    -0.093     0.000
   5    -0.163     0.094    -0.130    -0.106     0.109    -0.008    -0.153    -0.053     0.000
   6    -0.060    -0.110     0.013    -0.101    -0.199    -0.009    -0.064    -0.059     0.000
   7    -0.024     0.073    -0.064     0.084     0.070     0.031    -0.087     0.032    -0.000
   8     0.099     0.086    -0.027    -0.006    -0.123     0.012    -0.009    -0.061     0.000
   9     0.040    -0.019     0.036     0.097     0.023     0.044    -0.017     0.003    -0.000
  10     0.020     0.097    -0.028     0.021    -0.033    -0.007    -0.013     0.005    -0.000
  11    -0.031    -0.015    -0.006     0.009     0.043     0.010     0.015     0.001     0.000
  12    -0.021     0.004    -0.012    -0.015     0.008    -0.006    -0.014     0.003     0.000
