   0     2.323    -0.131    -0.026     0.162    -0.055    -0.058    -0.021     0.034    -0.000
   1    -0.007     0.091    -0.112    -0.143    -0.078     0.092    -0.024    -0.091     0.000
   2     0.170     0.087     0.042    -0.043    -0.023     0.015    -0.004    -0.011    -0.000
   3     0.026    -0.004    -0.060     0.049    -0.047    -0.059     0.020     0.058    -0.000
   4    -0.158     0.031     0.027    -0.024    -0.018    -0.035     0.002    -0.005     0.000
   5    -0.121     0.131     0.004    -0.040    -0.010     0.044     0.044    -0.028     0.000
   6     0.305    -0.048    -0.013    -0.027    -0.043     0.006    -0.012    -0.028     0.000
   7    -0.086    -0.024    -0.006     0.017     0.010     0.004     0.015     0.014    -0.000
   8    -0.010    -0.088    -0.002     0.028    -0.004    -0.032    -0.008    -0.005    -0.000
   9     0.045    -0.010    -0.002     0.012     0.012    -0.002     0.002     0.004    -0.000
  10     0.055     0.020    -0.008    -0.006    -0.006     0.002    -0.006    -0.002     0.000
  11    -0.014     0.004     0.005     0.002     0.004     0.007    -0.003    -0.003     0.000
  12    -0.036     0.009    -0.008    -0.006    -0.008    -0.003     0.001    -0.001     0.000
