   0     9.512    -0.076     0.296     0.069    -0.129     0.322    -0.101    -0.004    -0.000
   1    -2.124     0.742     0.031     0.194    -0.105     0.063     0.062    -0.028    -0.000
   2     2.018     0.018     1.723     0.034    -0.168     0.062    -0.017     0.085     0.000
   3    -1.097    -0.039    -0.366     0.179     0.125    -0.100    -0.050    -0.077    -0.000
   4     0.222     0.024    -0.180     0.056     0.170     0.032    -0.031     0.082    -0.000
   5     0.075    -0.045     0.038     0.040    -0.140    -0.012     0.060    -0.077     0.000
   6    -0.149    -0.122     0.028    -0.094     0.002    -0.039     0.069     0.036    -0.000
   7     0.012    -0.005    -0.015    -0.008    -0.053     0.074     0.041     0.050    -0.000
   8     0.053     0.015    -0.115     0.027    -0.035     0.039    -0.020    -0.085     0.000
   9     0.035     0.008    -0.021     0.013     0.008    -0.008    -0.017     0.039    -0.000
  10    -0.045     0.050     0.014    -0.023    -0.043    -0.005    -0.016    -0.020     0.000
  11    -0.017    -0.045     0.012     0.004     0.006    -0.019    -0.001    -0.004     0.000
  12    -0.015     0.000    -0.005     0.004     0.000     0.000    -0.010     0.017    -0.000
