   0     1.260    -0.025     0.001     0.055    -0.064     0.044    -0.043    -0.010     0.000
   1     0.165    -0.017    -0.002    -0.043    -0.031     0.027    -0.046    -0.041     0.000
   2     0.102     0.017    -0.019    -0.059     0.000    -0.016    -0.041    -0.025     0.000
   3     0.008    -0.014    -0.036    -0.017    -0.027    -0.007    -0.027    -0.029     0.000
   4    -0.063    -0.004     0.041    -0.057    -0.014    -0.032    -0.020    -0.027     0.000
   5    -0.084     0.005    -0.003    -0.028     0.025    -0.015    -0.002    -0.043     0.000
   6     0.183     0.024     0.007    -0.008    -0.029     0.003    -0.027     0.007    -0.000
   7    -0.054    -0.017     0.007     0.006     0.016     0.002     0.004     0.001     0.000
   8     0.030    -0.025     0.006     0.019    -0.027     0.008    -0.002     0.002    -0.000
   9     0.023    -0.001    -0.002     0.019     0.002     0.011    -0.001     0.009    -0.000
  10     0.030     0.014    -0.009     0.004    -0.008     0.000    -0.003     0.000    -0.000
  11     0.003     0.003    -0.001     0.015     0.006     0.005     0.003     0.000    -0.000
  12    -0.020     0.000    -0.005    -0.006    -0.002    -0.007     0.006    -0.002     0.000
