   0     9.156    -1.441     0.506     0.228    -0.086     0.186     0.004     0.016    -0.000
   1     0.609     0.516     0.085    -0.281     0.086     0.025     0.028     0.149    -0.000
   2     0.791    -0.435     0.785     0.009    -0.117     0.062     0.009    -0.035    -0.000
   3    -1.021     0.461     0.108     0.037     0.018    -0.126     0.024    -0.008     0.000
   4     0.768    -0.234     0.136     0.094     0.287    -0.134    -0.001     0.095    -0.000
   5    -0.250    -0.130     0.127     0.030    -0.051    -0.013    -0.055    -0.054     0.000
   6    -0.124     0.061    -0.057    -0.157     0.068    -0.039     0.022    -0.020     0.000
   7    -0.008    -0.068     0.055     0.006    -0.031     0.061     0.024     0.048    -0.000
   8     0.091    -0.048    -0.099     0.082     0.010    -0.026     0.023    -0.070     0.000
   9     0.020    -0.042     0.037     0.000     0.008     0.003    -0.020     0.034    -0.000
  10    -0.019     0.020    -0.027    -0.005    -0.006    -0.034     0.007    -0.041     0.000
  11    -0.005     0.000     0.010    -0.006     0.006    -0.007    -0.022     0.011    -0.000
  12    -0.011    -0.013     0.043     0.017     0.002     0.003     0.010     0.019    -0.000
