   0     6.827    -1.044     0.068     0.236     0.023     0.147    -0.043     0.036     0.000
   1     3.412    -0.664    -0.064    -0.002     0.060     0.157    -0.071    -0.033    -0.000
   2    -0.726     0.320     0.069    -0.058    -0.080    -0.140     0.037    -0.078     0.000
   3     0.050     0.524    -0.160    -0.337    -0.008    -0.083     0.008     0.049     0.000
   4    -0.214    -0.106     0.232     0.076    -0.008    -0.012     0.088    -0.076     0.000
   5    -0.499     0.137    -0.010     0.005    -0.008    -0.062     0.079    -0.009     0.000
   6     0.614    -0.022     0.069     0.029    -0.088     0.100     0.024    -0.087     0.000
   7    -0.166     0.033    -0.076     0.002    -0.053    -0.000     0.019    -0.027     0.000
   8    -0.137     0.019     0.011    -0.013    -0.014     0.060     0.004     0.014    -0.000
   9     0.029    -0.000    -0.027     0.000    -0.023     0.007    -0.011    -0.016     0.000
  10     0.112     0.011    -0.027    -0.005    -0.004    -0.024     0.004     0.023    -0.000
  11    -0.044    -0.002    -0.012     0.002    -0.016    -0.015    -0.014     0.005    -0.000
  12    -0.045    -0.037    -0.004     0.004    -0.008    -0.007     0.016     0.008    -0.000
