   0     9.123     1.224    -0.344     0.260     0.201    -0.035    -0.004     0.138     0.000
   1     0.041     0.939     0.639     0.136     0.230    -0.260    -0.098    -0.250     0.000
   2     0.448     0.187    -0.249     0.102     0.105    -0.066     0.015    -0.094     0.000
   3     0.679     0.860     0.261    -0.060     0.365    -0.078     0.082    -0.177     0.000
   4    -0.211     0.133     0.011     0.021     0.031     0.055     0.036    -0.143     0.000
   5    -0.054     0.024     0.056     0.007     0.240    -0.104    -0.156    -0.063     0.000
   6     0.453     0.170    -0.271    -0.045    -0.164    -0.135    -0.088     0.005     0.000
   7    -0.024    -0.101     0.116    -0.060     0.021    -0.077    -0.068     0.016    -0.000
   8     0.052     0.075     0.053     0.023    -0.025    -0.135     0.010    -0.039     0.000
   9    -0.057    -0.114    -0.035    -0.077     0.025    -0.009    -0.039    -0.020     0.000
  10    -0.014    -0.016    -0.046    -0.031    -0.029    -0.047     0.004    -0.051     0.000
  11    -0.041    -0.053    -0.009    -0.051     0.025     0.023    -0.003     0.012     0.000
  12    -0.023    -0.050    -0.005    -0.015    -0.006    -0.009    -0.003     0.004     0.000
