   0     9.552    -1.150     0.572    -0.070    -0.224    -0.011     0.079    -0.037    -0.000
   1     1.217     1.804     0.558     0.355    -0.049    -0.405     0.130    -0.142     0.000
   2     1.439    -0.306     0.678     0.311    -0.099    -0.150     0.055     0.028    -0.000
   3    -0.260    -0.266     0.474     0.036    -0.115    -0.075     0.173    -0.104     0.000
   4    -0.369     0.026    -0.145     0.176     0.072    -0.138     0.125    -0.041    -0.000
   5    -0.310     0.113    -0.023     0.187    -0.060     0.020    -0.018    -0.074     0.000
   6     0.244    -0.114     0.062     0.115     0.031    -0.051    -0.048     0.065    -0.000
   7    -0.160    -0.027    -0.048    -0.028    -0.004     0.018    -0.013     0.013    -0.000
   8     0.047    -0.041     0.002    -0.025    -0.057    -0.005     0.052     0.002    -0.000
   9    -0.095    -0.016     0.053     0.007    -0.016    -0.038    -0.013     0.016    -0.000
  10    -0.017    -0.024     0.041    -0.058     0.002    -0.014    -0.020     0.009    -0.000
  11    -0.004    -0.012    -0.004    -0.019     0.016     0.001    -0.006     0.005     0.000
  12    -0.005    -0.008     0.009    -0.002     0.006    -0.008    -0.004     0.015    -0.000
