   0    10.018    -0.314     0.418    -0.256    -0.191    -0.006    -0.074     0.037    -0.000
   1     0.169     1.581     0.384     0.816    -0.181    -0.445     0.072    -0.125     0.000
   2     1.680    -0.119     1.081     0.296     0.062    -0.164    -0.051     0.021    -0.000
   3    -0.289    -0.208     0.362    -0.250     0.000    -0.001     0.082    -0.100     0.000
   4    -0.279    -0.039     0.089     0.273     0.129    -0.231     0.028    -0.042    -0.000
   5    -0.426     0.204    -0.145     0.240    -0.072     0.077    -0.027    -0.137     0.000
   6     0.257     0.012     0.004     0.085     0.222    -0.082    -0.070     0.035     0.000
   7    -0.159    -0.045     0.003    -0.082    -0.076     0.040     0.018    -0.005    -0.000
   8     0.019     0.055     0.055     0.005     0.010     0.012     0.046     0.010    -0.000
   9    -0.119     0.002     0.037    -0.005    -0.051    -0.028    -0.013     0.002    -0.000
  10    -0.036     0.011    -0.052    -0.033     0.027     0.005    -0.003     0.014    -0.000
  11    -0.002    -0.038    -0.013    -0.042    -0.010    -0.001     0.011     0.001     0.000
  12    -0.020     0.002    -0.020     0.004     0.008    -0.008    -0.000     0.021    -0.000
