   0     3.519     0.072    -0.161     0.077    -0.057    -0.015    -0.117     0.008    -0.000
   1    -0.458    -0.117    -0.054    -0.001     0.115    -0.038     0.009     0.022    -0.000
   2     0.672    -0.102    -0.020     0.166    -0.010     0.002    -0.051     0.078    -0.000
   3    -0.631     0.053    -0.020    -0.014     0.037    -0.051    -0.045    -0.040     0.000
   4    -0.371     0.022     0.054    -0.034    -0.045    -0.026     0.014    -0.014     0.000
   5     0.123     0.052    -0.027    -0.007     0.057     0.044     0.014     0.008     0.000
   6     0.342     0.055    -0.026     0.016    -0.074    -0.031    -0.036    -0.020     0.000
   7    -0.124     0.010    -0.047    -0.003    -0.021    -0.020    -0.009    -0.004     0.000
   8    -0.036    -0.002     0.002     0.025    -0.006    -0.008    -0.021     0.010    -0.000
   9    -0.004    -0.014     0.026    -0.021     0.010    -0.007     0.008    -0.006     0.000
  10     0.007     0.038     0.012     0.002    -0.010    -0.013    -0.014    -0.009     0.000
  11     0.043    -0.006    -0.006    -0.002    -0.002     0.007     0.002    -0.004     0.000
  12    -0.014    -0.011    -0.014     0.015     0.016     0.001     0.000    -0.003    -0.000
