   0     8.909    -1.441     0.547     0.097    -0.131    -0.059     0.142    -0.003     0.000
   1     2.002     1.276     0.679    -0.166     0.000    -0.237     0.135    -0.083    -0.000
   2     0.996    -0.276     0.267     0.187    -0.172    -0.067     0.051     0.035    -0.000
   3    -0.412     0.064     0.475     0.160    -0.070    -0.129     0.186    -0.085     0.000
   4    -0.615    -0.043    -0.143     0.051    -0.060    -0.013     0.088    -0.019    -0.000
   5    -0.098     0.077     0.037     0.121    -0.027     0.031     0.009    -0.042     0.000
   6     0.137    -0.093    -0.005     0.092    -0.101     0.017    -0.057     0.043    -0.000
   7    -0.183     0.091    -0.034     0.001     0.047     0.014    -0.038     0.025    -0.000
   8     0.004    -0.115     0.027    -0.017    -0.080     0.006    -0.007     0.014    -0.000
   9    -0.059     0.007     0.042    -0.003     0.033    -0.018     0.012     0.001     0.000
  10     0.023    -0.064     0.069    -0.038    -0.014     0.000    -0.021    -0.004     0.000
  11     0.012     0.018     0.014    -0.010     0.027     0.001    -0.007    -0.000     0.000
  12    -0.010    -0.004     0.028    -0.016     0.004     0.006    -0.010     0.004    -0.000
