   0     7.000    -1.386     0.023     0.180     0.025    -0.045     0.025     0.046    -0.000
   1     1.728    -0.527     0.065    -0.135     0.000    -0.051     0.046     0.078    -0.000
   2     0.385     0.120    -0.013     0.029     0.037     0.031    -0.063     0.065    -0.000
   3    -0.951     0.406     0.012    -0.102     0.018    -0.114     0.030    -0.043     0.000
   4    -1.046    -0.139     0.048     0.178    -0.033    -0.079     0.004     0.041    -0.000
   5     0.082     0.202    -0.077     0.053     0.004     0.014    -0.016     0.033    -0.000
   6     0.002     0.160    -0.075     0.079     0.002    -0.003    -0.069     0.013    -0.000
   7    -0.102     0.164    -0.014     0.023    -0.031    -0.014    -0.038    -0.021     0.000
   8    -0.112    -0.015    -0.020     0.039    -0.018    -0.012    -0.038     0.043    -0.000
   9     0.056     0.037     0.009    -0.035     0.049     0.029     0.012    -0.050     0.000
  10     0.015    -0.004     0.013    -0.014    -0.051     0.009     0.012    -0.015    -0.000
  11     0.030     0.007     0.002    -0.012    -0.012     0.018    -0.002    -0.017     0.000
  12    -0.015    -0.005    -0.014    -0.024    -0.004     0.033     0.000     0.001    -0.000
