   0     4.406    -0.279    -0.177     0.053     0.018     0.005    -0.108    -0.023     0.000
   1    -0.242    -0.416    -0.163     0.011     0.170     0.008     0.044     0.116    -0.000
   2     0.628    -0.067     0.029     0.117     0.057     0.009    -0.050     0.038    -0.000
   3    -0.941    -0.234    -0.069    -0.112     0.138    -0.011    -0.014    -0.107     0.000
   4    -0.915     0.156     0.104    -0.082    -0.049    -0.076     0.034     0.024    -0.000
   5     0.184     0.062    -0.105    -0.040     0.146     0.093     0.019     0.067    -0.000
   6     0.214     0.040    -0.034    -0.012    -0.043    -0.039    -0.060    -0.033     0.000
   7    -0.085     0.013    -0.093    -0.050     0.029     0.013    -0.014    -0.026     0.000
   8    -0.011     0.048     0.012     0.031    -0.008    -0.013    -0.039     0.021    -0.000
   9     0.018     0.003    -0.007    -0.033     0.041     0.020     0.005    -0.011     0.000
  10    -0.015     0.006     0.037     0.006    -0.023    -0.007    -0.013    -0.024     0.000
  11     0.036    -0.010    -0.020    -0.010     0.004     0.016    -0.000    -0.016     0.000
  12    -0.010    -0.012    -0.011     0.033     0.012     0.006     0.003     0.005    -0.000
