   0     9.498     1.253    -0.279     0.225     0.076    -0.032    -0.018     0.131     0.000
   1    -0.452     0.431     0.691     0.352     0.195    -0.019    -0.139    -0.173     0.000
   2     0.728     0.268     0.271     0.149     0.148     0.027    -0.041     0.056    -0.000
   3     0.338     0.517     0.154    -0.030     0.298    -0.044     0.093    -0.094     0.000
   4    -0.292    -0.013     0.380    -0.076     0.055     0.047     0.028    -0.055     0.000
   5    -0.115    -0.100    -0.127     0.079     0.078     0.014    -0.081    -0.038     0.000
   6     0.230     0.093    -0.223    -0.119    -0.004     0.030    -0.076     0.017     0.000
   7    -0.041    -0.014     0.089     0.072    -0.029    -0.054    -0.032     0.071    -0.000
   8    -0.039     0.022     0.152    -0.036    -0.008    -0.026    -0.038    -0.004     0.000
   9    -0.034    -0.103    -0.043    -0.011    -0.021     0.008     0.015    -0.016    -0.000
  10    -0.031    -0.036    -0.081    -0.021    -0.006     0.001     0.007    -0.025     0.000
  11    -0.010    -0.024    -0.011    -0.002     0.006    -0.000     0.005     0.015    -0.000
  12    -0.025    -0.021    -0.026    -0.002    -0.018     0.002    -0.008     0.006    -0.000
