   0    10.162     0.610     0.176    -0.240    -0.090    -0.070    -0.152     0.128    -0.000
   1    -0.580     0.768     0.357     0.841    -0.107    -0.308    -0.085    -0.046    -0.000
   2     1.579     0.074     1.050     0.152     0.113    -0.137    -0.132     0.022     0.000
   3    -0.281    -0.026     0.269    -0.314     0.197    -0.019     0.027    -0.097     0.000
   4    -0.276    -0.107     0.347     0.098     0.010    -0.196    -0.067    -0.031    -0.000
   5    -0.333     0.160    -0.234     0.295    -0.000     0.135    -0.010    -0.123     0.000
   6     0.235     0.054    -0.160    -0.019     0.195    -0.088    -0.084    -0.021     0.000
   7    -0.161     0.004     0.090    -0.030    -0.062     0.030     0.025     0.017    -0.000
   8    -0.034     0.075     0.156    -0.016     0.010     0.007    -0.016    -0.005    -0.000
   9    -0.098     0.003     0.018    -0.002    -0.023     0.004     0.022    -0.017     0.000
  10    -0.015     0.009    -0.116     0.015     0.023     0.004     0.012     0.011     0.000
  11    -0.009    -0.026     0.006    -0.048    -0.008     0.001     0.023     0.001    -0.000
  12    -0.029     0.004    -0.018     0.008     0.006    -0.009     0.001     0.007    -0.000
