   0     5.269    -0.762    -0.072     0.185     0.010     0.020    -0.067    -0.003    -0.000
   1     0.457    -0.656    -0.021     0.042     0.043     0.000     0.043    -0.014    -0.000
   2     0.486     0.028     0.028     0.057     0.084     0.035    -0.048     0.051    -0.000
   3    -1.197    -0.055     0.001    -0.102     0.127     0.021     0.004    -0.105     0.000
   4    -1.116     0.082     0.121     0.014    -0.033    -0.103     0.049     0.045    -0.000
   5     0.231     0.167    -0.023    -0.048     0.074     0.053     0.007     0.031    -0.000
   6     0.159     0.106    -0.055    -0.007    -0.025    -0.024    -0.062     0.011    -0.000
   7    -0.072     0.029    -0.027     0.005     0.008     0.019    -0.018    -0.019     0.000
   8     0.012     0.075    -0.005     0.022    -0.002    -0.038    -0.013     0.034    -0.000
   9     0.084     0.011     0.034    -0.023     0.037     0.012     0.013    -0.014     0.000
  10    -0.013     0.020     0.015    -0.015    -0.023    -0.011    -0.003    -0.013     0.000
  11     0.019    -0.015    -0.006     0.000    -0.002     0.010     0.002    -0.007     0.000
  12     0.011    -0.010    -0.020     0.006     0.008     0.007     0.009     0.001    -0.000
