   0     3.960    -0.093    -0.209     0.053    -0.008    -0.017    -0.130     0.008    -0.000
   1    -0.378    -0.337    -0.120    -0.015     0.150     0.002     0.037     0.081    -0.000
   2     0.685    -0.085     0.003     0.139     0.025     0.002    -0.065     0.052    -0.000
   3    -0.731    -0.112    -0.088    -0.066     0.088    -0.051    -0.042    -0.056     0.000
   4    -0.607     0.078     0.081    -0.070    -0.045    -0.052     0.009    -0.007     0.000
   5     0.156     0.029    -0.082    -0.025     0.096     0.076     0.021     0.030    -0.000
   6     0.279     0.051    -0.027     0.005    -0.055    -0.045    -0.056    -0.029     0.000
   7    -0.104     0.010    -0.083    -0.033    -0.002    -0.005    -0.014    -0.010     0.000
   8    -0.036     0.005     0.014     0.027    -0.008    -0.010    -0.032     0.012    -0.000
   9     0.001    -0.005     0.008    -0.027     0.016     0.010     0.008    -0.008     0.000
  10    -0.008     0.032     0.030     0.006    -0.014    -0.012    -0.018    -0.013     0.000
  11     0.040    -0.009    -0.016    -0.008     0.000     0.012     0.002    -0.008     0.000
  12    -0.019    -0.012    -0.008     0.027     0.016     0.006     0.001     0.001    -0.000
