   0     3.037     0.055    -0.090     0.067    -0.039     0.017    -0.072     0.022     0.000
   1    -0.426    -0.009    -0.052     0.051     0.099    -0.029     0.016     0.024    -0.000
   2     0.586    -0.116    -0.031     0.171    -0.029     0.009    -0.024     0.101    -0.000
   3    -0.550     0.050     0.033    -0.021     0.037    -0.002    -0.022    -0.022     0.000
   4    -0.248     0.011     0.035     0.016    -0.053    -0.011     0.026     0.011    -0.000
   5     0.108     0.063    -0.022    -0.009     0.031     0.036     0.008     0.005    -0.000
   6     0.348     0.032    -0.016     0.027    -0.060    -0.008    -0.014     0.000    -0.000
   7    -0.133    -0.003    -0.027    -0.003    -0.014    -0.018    -0.002    -0.005     0.000
   8    -0.032     0.014    -0.009     0.029    -0.000    -0.009    -0.012     0.015    -0.000
   9    -0.005    -0.014     0.025    -0.017     0.008    -0.014     0.001    -0.009     0.000
  10     0.014     0.016     0.013    -0.002     0.004    -0.008    -0.004    -0.006     0.000
  11     0.040     0.002    -0.005     0.002    -0.002     0.008    -0.003    -0.006     0.000
  12    -0.005    -0.018    -0.012     0.010     0.014    -0.001     0.001    -0.006     0.000
