   0     9.926     1.112    -0.083     0.016     0.002    -0.078    -0.090     0.136    -0.000
   1    -0.741     0.252     0.523     0.591     0.131    -0.095    -0.168    -0.054    -0.000
   2     1.150     0.193     0.676     0.114     0.125    -0.044    -0.111     0.071    -0.000
   3    -0.023     0.194     0.184    -0.134     0.310    -0.049     0.050    -0.092     0.000
   4    -0.294    -0.098     0.462    -0.083    -0.031    -0.064    -0.041    -0.024     0.000
   5    -0.189    -0.019    -0.235     0.226     0.055     0.103    -0.030    -0.054     0.000
   6     0.165     0.030    -0.240    -0.121     0.080    -0.010    -0.071    -0.011     0.000
   7    -0.096     0.040     0.109     0.087    -0.023    -0.025    -0.003     0.070    -0.000
   8    -0.077     0.037     0.188    -0.065    -0.016    -0.007    -0.049    -0.015    -0.000
   9    -0.047    -0.049    -0.010     0.010    -0.010     0.014     0.041    -0.021    -0.000
  10    -0.015    -0.020    -0.110     0.012     0.004     0.000     0.015     0.000     0.000
  11    -0.009    -0.003     0.009    -0.021     0.002    -0.005     0.019     0.011    -0.000
  12    -0.030    -0.004    -0.017     0.004    -0.008    -0.007    -0.002    -0.000     0.000
