   0     1.836    -0.165    -0.025     0.073     0.002     0.014    -0.017     0.046    -0.000
   1    -0.160    -0.099     0.027     0.090     0.082    -0.075     0.062     0.076    -0.000
   2     0.358    -0.138    -0.065     0.110    -0.018     0.005    -0.008     0.070    -0.000
   3    -0.208    -0.096    -0.001    -0.003     0.014     0.033     0.012     0.004    -0.000
   4    -0.074     0.004     0.061     0.033    -0.031    -0.031     0.025     0.024    -0.000
   5     0.084    -0.004    -0.014     0.013     0.006    -0.000     0.007     0.014    -0.000
   6     0.225    -0.069    -0.017     0.036    -0.010     0.028     0.005     0.003     0.000
   7    -0.079    -0.009    -0.016     0.002    -0.012    -0.010     0.002     0.001    -0.000
   8    -0.019     0.002     0.005     0.012     0.002    -0.028     0.003     0.020    -0.000
   9    -0.003    -0.006     0.006    -0.006     0.002    -0.006    -0.002    -0.005     0.000
  10     0.009    -0.012     0.019    -0.000     0.014    -0.001     0.003    -0.003     0.000
  11     0.015     0.018    -0.003    -0.002    -0.002     0.001    -0.005    -0.002     0.000
  12     0.000    -0.004     0.002     0.006     0.006    -0.000     0.001    -0.002     0.000
