   0     9.202     1.245    -0.344     0.267     0.156    -0.026    -0.004     0.137     0.000
   1    -0.097     0.796     0.682     0.195     0.191    -0.159    -0.110    -0.245     0.000
   2     0.508     0.237    -0.088     0.128     0.127    -0.017     0.005    -0.044     0.000
   3     0.594     0.771     0.213    -0.047     0.320    -0.066     0.091    -0.138     0.000
   4    -0.239     0.087     0.137    -0.007     0.062     0.067     0.043    -0.114     0.000
   5    -0.075    -0.033     0.003     0.014     0.174    -0.074    -0.134    -0.055     0.000
   6     0.389     0.163    -0.242    -0.064    -0.111    -0.067    -0.085     0.011     0.000
   7    -0.027    -0.087     0.098    -0.027    -0.010    -0.069    -0.058     0.033    -0.000
   8     0.029     0.057     0.085     0.014    -0.016    -0.093    -0.007    -0.019     0.000
   9    -0.053    -0.115    -0.048    -0.054     0.004    -0.005    -0.022    -0.016     0.000
  10    -0.021    -0.026    -0.056    -0.032    -0.023    -0.029     0.004    -0.046     0.000
  11    -0.029    -0.046    -0.014    -0.031     0.016     0.018     0.000     0.014    -0.000
  12    -0.023    -0.042    -0.012    -0.008    -0.012    -0.001    -0.005     0.006    -0.000
