   0     8.053    -1.449     0.302     0.173    -0.021    -0.078     0.090     0.052    -0.000
   1     2.125     0.340     0.455    -0.295    -0.031    -0.127     0.103     0.033    -0.000
   2     0.568    -0.038     0.056     0.073    -0.068     0.018    -0.026     0.053    -0.000
   3    -0.689     0.418     0.251     0.053     0.010    -0.146     0.091    -0.041     0.000
   4    -0.882    -0.145    -0.023     0.120    -0.062    -0.007     0.007     0.020    -0.000
   5     0.010     0.126    -0.025     0.077    -0.008     0.017    -0.010    -0.004    -0.000
   6    -0.001     0.086    -0.081     0.072    -0.041     0.058    -0.076     0.022    -0.000
   7    -0.156     0.179    -0.026     0.015     0.016    -0.011    -0.046     0.016    -0.000
   8    -0.088    -0.090     0.010     0.019    -0.037     0.017    -0.047     0.040    -0.000
   9    -0.010     0.040     0.015    -0.027     0.051     0.011     0.019    -0.032     0.000
  10     0.031    -0.047     0.033    -0.018    -0.037     0.022    -0.004    -0.012     0.000
  11     0.033     0.014     0.015    -0.010     0.002     0.007    -0.003    -0.013     0.000
  12    -0.026    -0.001     0.000    -0.026     0.004     0.027    -0.009    -0.001    -0.000
