   0     2.471    -0.059    -0.041     0.057     0.006     0.026    -0.033     0.051    -0.000
   1    -0.292    -0.054    -0.018     0.085     0.088    -0.033     0.055     0.069    -0.000
   2     0.479    -0.139    -0.045     0.154    -0.029     0.007    -0.011     0.103    -0.000
   3    -0.397    -0.037     0.026    -0.028     0.041     0.025     0.005     0.002    -0.000
   4    -0.149    -0.005     0.050     0.050    -0.051    -0.019     0.036     0.038    -0.000
   5     0.098     0.030    -0.016    -0.010     0.014     0.022     0.008     0.009    -0.000
   6     0.305    -0.023    -0.007     0.036    -0.031     0.010    -0.002     0.011    -0.000
   7    -0.116    -0.006    -0.016    -0.007    -0.012    -0.013     0.002    -0.002     0.000
   8    -0.024     0.006    -0.003     0.027     0.004    -0.014    -0.002     0.023    -0.000
   9    -0.004    -0.008     0.014    -0.015     0.004    -0.015    -0.000    -0.008     0.000
  10     0.012    -0.003     0.019    -0.002     0.014    -0.004     0.003    -0.000     0.000
  11     0.031     0.014    -0.003     0.000    -0.002     0.007    -0.005    -0.005     0.000
  12     0.001    -0.016    -0.004     0.008     0.006     0.001     0.000    -0.005     0.000
