   0     6.010    -1.165    -0.079     0.180     0.025     0.004    -0.024     0.021    -0.000
   1     1.123    -0.846    -0.076     0.015     0.035     0.026     0.035     0.009    -0.000
   2     0.408     0.096    -0.003     0.030     0.078     0.024    -0.056     0.064    -0.000
   3    -1.105     0.155    -0.034    -0.160     0.057    -0.019     0.018    -0.082     0.000
   4    -1.112    -0.033     0.086     0.113    -0.035    -0.114     0.026     0.042    -0.000
   5     0.194     0.225    -0.064     0.000     0.023     0.054    -0.005     0.015    -0.000
   6     0.096     0.129    -0.048     0.053    -0.010    -0.051    -0.060     0.020    -0.000
   7    -0.076     0.101    -0.008     0.009    -0.035     0.016    -0.024    -0.037     0.000
   8    -0.053     0.045    -0.012     0.039    -0.010    -0.040    -0.021     0.042    -0.000
   9     0.094     0.025     0.031    -0.029     0.039     0.028     0.008    -0.041     0.000
  10    -0.002     0.016     0.024    -0.013    -0.039    -0.014     0.013    -0.008     0.000
  11     0.020    -0.003    -0.006    -0.010    -0.006     0.018     0.002    -0.010     0.000
  12     0.009    -0.009    -0.016    -0.008     0.002     0.019     0.008     0.001    -0.000
