   0     4.795    -0.429    -0.102     0.122     0.006     0.017    -0.087    -0.032    -0.000
   1    -0.019    -0.439    -0.062     0.021     0.115    -0.037     0.041     0.064    -0.000
   2     0.558    -0.040     0.038     0.094     0.076     0.030    -0.041     0.036    -0.000
   3    -1.155    -0.169    -0.003    -0.084     0.154     0.014     0.004    -0.127     0.000
   4    -1.082     0.148     0.130    -0.058    -0.045    -0.086     0.061     0.044    -0.000
   5     0.207     0.111    -0.044    -0.056     0.138     0.059     0.018     0.069    -0.000
   6     0.181     0.066    -0.055    -0.031    -0.041    -0.010    -0.062    -0.017     0.000
   7    -0.075     0.011    -0.060    -0.014     0.039     0.018    -0.011    -0.023     0.000
   8     0.024     0.075     0.002     0.018    -0.008    -0.022    -0.024     0.025    -0.000
   9     0.048     0.005     0.011    -0.029     0.045     0.012     0.011    -0.006     0.000
  10    -0.019     0.006     0.017    -0.011    -0.025    -0.005    -0.011    -0.025     0.000
  11     0.028    -0.013    -0.012     0.000     0.004     0.009    -0.001    -0.015     0.000
  12     0.003    -0.011    -0.018     0.021     0.012     0.002     0.007     0.002    -0.000
