   0    11.165     2.814    -0.836    -0.111    -0.330    -0.341    -0.172    -0.271     0.000
   1    -2.099    -1.037     0.215    -0.648     0.142    -0.236     0.029    -0.280     0.000
   2     0.774    -0.457     0.802     0.117     0.503    -0.210     0.011    -0.298     0.000
   3    -0.108    -0.452    -0.076    -0.404    -0.033     0.034    -0.079    -0.224     0.000
   4     0.533     0.192    -0.203     0.140     0.053    -0.092    -0.107    -0.118     0.000
   5    -0.306    -0.137    -0.022     0.301     0.025     0.383    -0.062     0.106    -0.000
   6    -0.092     0.002     0.241    -0.061     0.205     0.222    -0.138    -0.042     0.000
   7    -0.075    -0.317    -0.017     0.060     0.060    -0.029     0.081     0.173    -0.000
   8    -0.031     0.026    -0.245    -0.053     0.035    -0.039    -0.046     0.001     0.000
   9    -0.014    -0.116     0.003     0.041    -0.055    -0.076    -0.004    -0.049     0.000
  10    -0.032    -0.098    -0.039    -0.006     0.014    -0.055    -0.003     0.025    -0.000
  11    -0.029    -0.040    -0.027    -0.037    -0.039    -0.066     0.029     0.006     0.000
  12    -0.051     0.001     0.005    -0.029    -0.068    -0.061    -0.006    -0.008    -0.000
