   0     7.198    -3.012    -0.181     0.524     0.060     0.055     0.038    -0.206     0.000
   1     1.744     0.036    -0.183    -0.831    -0.103     0.477    -0.080    -0.230     0.000
   2    -1.935     1.514     0.466    -0.090    -0.111    -0.077    -0.023     0.009    -0.000
   3    -1.228     1.361    -0.136    -0.490     0.117     0.191    -0.068    -0.114     0.000
   4    -0.359    -0.602     0.257     0.155    -0.109    -0.152    -0.038     0.134    -0.000
   5    -0.303     0.172    -0.248    -0.177     0.033     0.025    -0.140     0.075    -0.000
   6     0.179     0.309     0.144    -0.246    -0.051     0.023     0.032    -0.033    -0.000
   7     0.026    -0.048    -0.014     0.021    -0.066    -0.059     0.045     0.038    -0.000
   8    -0.049    -0.113    -0.021     0.037    -0.043    -0.001    -0.033    -0.057     0.000
   9     0.015     0.011    -0.018     0.047     0.023    -0.040     0.023     0.032    -0.000
  10     0.081    -0.086    -0.048     0.135    -0.018    -0.001    -0.006     0.003    -0.000
  11    -0.022    -0.003    -0.026     0.017     0.025     0.002     0.008    -0.006     0.000
  12     0.008    -0.049     0.021     0.000    -0.025     0.008    -0.005     0.002    -0.000
