   0    12.309    -4.628     0.464     0.588    -0.515     0.100     0.106    -0.201     0.000
   1     2.556     2.180    -0.005    -0.986    -0.296    -0.130    -0.064    -0.004    -0.000
   2    -0.138    -0.528     1.047     0.347    -0.384     0.060    -0.035    -0.020    -0.000
   3    -1.896     2.444    -0.019    -0.484    -0.096    -0.003     0.006    -0.028    -0.000
   4     0.279    -0.398    -0.026     0.010     0.201     0.040    -0.144    -0.040    -0.000
   5     0.047    -0.358    -0.091     0.162    -0.002    -0.048    -0.089     0.012    -0.000
   6    -0.369     0.598     0.213    -0.026    -0.415     0.063     0.167    -0.027     0.000
   7    -0.039    -0.130    -0.177     0.094     0.043    -0.022     0.022    -0.040     0.000
   8    -0.017    -0.300    -0.260     0.079     0.103    -0.043    -0.056    -0.028     0.000
   9    -0.026     0.057     0.023    -0.035     0.004    -0.007    -0.007    -0.001     0.000
  10     0.123    -0.023     0.006     0.012    -0.051     0.072     0.029    -0.024     0.000
  11    -0.023    -0.024     0.021    -0.003     0.006     0.040     0.024    -0.004    -0.000
  12    -0.029    -0.009     0.002    -0.024    -0.004    -0.037     0.008     0.008    -0.000
