   0    14.513     2.437     0.460    -0.906     0.115    -0.594     0.008     0.030     0.000
   1    -3.340    -1.131    -0.400     0.647    -0.041    -0.351     0.503    -0.334     0.000
   2     2.442    -0.151     0.949     0.005     1.217     0.099     0.146    -0.171     0.000
   3    -1.124    -0.834     0.589    -0.752     0.349    -0.129     0.078    -0.002     0.000
   4     0.093    -0.144     0.419    -0.184    -0.006    -0.348     0.019     0.007     0.000
   5    -0.313     0.373    -0.164     0.185    -0.279     0.242    -0.008    -0.057    -0.000
   6    -0.158    -0.124    -0.593    -0.347     0.016    -0.135     0.148    -0.166     0.000
   7    -0.121    -0.249     0.195     0.053     0.090     0.095    -0.054     0.108    -0.000
   8     0.006     0.138    -0.020    -0.091    -0.051     0.050    -0.061     0.093    -0.000
   9     0.022    -0.090     0.037     0.019    -0.045    -0.060     0.002    -0.012    -0.000
  10     0.094     0.031     0.097     0.044     0.037    -0.010     0.039     0.042    -0.000
  11    -0.038    -0.056    -0.005    -0.015     0.031    -0.022     0.006    -0.022     0.000
  12     0.004    -0.016    -0.032     0.015     0.016    -0.002     0.008     0.025    -0.000
