   0     5.954    -2.483    -0.165     0.466     0.168    -0.025     0.029    -0.075    -0.000
   1     1.628    -0.441    -0.154    -0.514     0.101     0.305    -0.083    -0.063     0.000
   2    -1.702     1.710     0.375    -0.213    -0.148    -0.050    -0.083    -0.002    -0.000
   3    -0.918     0.918    -0.038    -0.320     0.135     0.118    -0.127    -0.018     0.000
   4    -0.552    -0.343     0.176     0.128    -0.103    -0.094    -0.086     0.048    -0.000
   5    -0.255     0.114    -0.190    -0.088     0.043     0.020    -0.149     0.054    -0.000
   6     0.256     0.013     0.175    -0.149    -0.047     0.015     0.047    -0.041     0.000
   7     0.030    -0.079    -0.011     0.019    -0.051    -0.001     0.018     0.011    -0.000
   8    -0.028    -0.094    -0.015     0.002    -0.035     0.002     0.003    -0.017     0.000
   9     0.046    -0.023    -0.021     0.031     0.033    -0.006     0.037     0.010    -0.000
  10     0.054    -0.022    -0.058     0.114     0.025    -0.032    -0.007     0.046    -0.000
  11     0.003    -0.044    -0.033     0.031     0.014     0.004     0.019    -0.008     0.000
  12    -0.029    -0.008     0.015     0.019     0.004    -0.001    -0.006     0.014    -0.000
