   0     2.072    -0.369    -0.054     0.058    -0.027    -0.029     0.043    -0.031    -0.000
   1     0.393    -0.286     0.019     0.037    -0.049    -0.048     0.010    -0.080     0.000
   2    -0.004     0.180     0.203    -0.049    -0.068     0.023    -0.039    -0.044     0.000
   3    -0.224     0.102     0.054    -0.064    -0.053     0.005     0.004    -0.012     0.000
   4    -0.124    -0.054     0.139     0.029    -0.080     0.011    -0.009    -0.035     0.000
   5    -0.094     0.033     0.010     0.034    -0.016    -0.032    -0.025     0.005    -0.000
   6     0.132    -0.008     0.074    -0.026    -0.041    -0.015     0.018    -0.029     0.000
   7    -0.020    -0.030    -0.008     0.041     0.004    -0.015    -0.008     0.004    -0.000
   8     0.065    -0.014    -0.019     0.012    -0.000    -0.000     0.003    -0.021     0.000
   9     0.011    -0.002    -0.034    -0.006     0.021    -0.006    -0.000    -0.003     0.000
  10     0.024     0.018    -0.004    -0.013    -0.014    -0.013     0.010     0.001    -0.000
  11     0.010     0.008    -0.035     0.002     0.014     0.008    -0.001    -0.002     0.000
  12    -0.024    -0.007     0.021    -0.002    -0.008     0.005     0.004     0.014    -0.000
