   0    10.581    -4.131    -0.096     0.698    -0.232     0.086     0.057    -0.232    -0.000
   1     2.702     1.135    -0.341    -0.864    -0.419     0.158    -0.046    -0.205     0.000
   2    -1.220     0.376     0.759     0.177    -0.160     0.018     0.024    -0.037    -0.000
   3    -1.797     2.394    -0.219    -0.717    -0.062     0.209     0.101    -0.107     0.000
   4     0.057    -0.453     0.315     0.077    -0.107    -0.032     0.010     0.078    -0.000
   5    -0.133    -0.141    -0.125     0.035     0.018    -0.011    -0.089     0.030     0.000
   6    -0.239     0.706     0.116    -0.106    -0.236     0.019     0.077    -0.077    -0.000
   7     0.099    -0.139    -0.135     0.068     0.090    -0.003     0.027    -0.052     0.000
   8    -0.074    -0.228    -0.181     0.053    -0.039    -0.061    -0.016    -0.066     0.000
   9    -0.003     0.115    -0.007    -0.011    -0.014    -0.033    -0.002     0.012    -0.000
  10     0.118    -0.082    -0.019     0.020    -0.055     0.047     0.019    -0.020    -0.000
  11    -0.004     0.005     0.005    -0.008     0.002     0.019     0.013    -0.001    -0.000
  12     0.015    -0.048     0.004    -0.038    -0.021    -0.010     0.006     0.012    -0.000
