   0    13.639     3.038    -0.121    -0.615    -0.037    -0.520     0.009    -0.098     0.000
   1    -2.995    -2.131     0.125     0.452     0.045     0.116     0.472    -0.050    -0.000
   2     1.937    -0.370     0.780    -0.265     0.794     0.214     0.236    -0.081     0.000
   3    -0.400    -0.833     0.361    -0.889     0.164    -0.129     0.208    -0.017    -0.000
   4     0.270    -0.116     0.583    -0.184     0.228    -0.135     0.036     0.033    -0.000
   5    -0.274     0.134    -0.064     0.243    -0.289     0.233     0.005     0.008    -0.000
   6    -0.142    -0.357    -0.224    -0.451    -0.062     0.111     0.193    -0.127     0.000
   7    -0.033    -0.239     0.036     0.089     0.082     0.066    -0.024     0.127    -0.000
   8     0.001     0.069    -0.080    -0.033    -0.060     0.039    -0.012     0.089    -0.000
   9     0.026    -0.004    -0.007     0.061    -0.027    -0.113    -0.074    -0.063     0.000
  10     0.119     0.031     0.081     0.039     0.033    -0.024     0.009     0.016    -0.000
  11    -0.068    -0.027    -0.014    -0.024     0.010    -0.039    -0.015    -0.053     0.000
  12    -0.006     0.001    -0.029    -0.010     0.008    -0.004     0.006     0.029    -0.000
