   0    14.923    -4.086     1.219    -0.812    -0.343     0.364    -0.288    -0.137    -0.000
   1    -0.029     3.265     0.213     0.238     0.090    -0.892     0.123     0.250    -0.000
   2     2.296    -1.934     2.537     0.226    -0.408     0.318    -0.327     0.002    -0.000
   3    -1.837     1.178     0.134     0.030     0.456     0.014    -0.098    -0.008    -0.000
   4     0.316     0.072    -0.722    -0.137     0.443     0.152     0.090    -0.096     0.000
   5    -0.039    -0.581    -0.123     0.280     0.027    -0.002     0.035     0.141    -0.000
   6    -0.362     0.508     0.155    -0.268    -0.310     0.148    -0.011     0.023     0.000
   7    -0.141    -0.286    -0.209     0.243     0.060    -0.062     0.038     0.057    -0.000
   8     0.116    -0.148    -0.356     0.059     0.160     0.050    -0.104    -0.011     0.000
   9    -0.027    -0.137     0.093     0.042    -0.053    -0.047     0.037     0.006    -0.000
  10     0.046     0.071     0.073    -0.040    -0.025     0.056    -0.021     0.006    -0.000
  11    -0.026    -0.023    -0.027     0.034     0.010     0.023     0.020    -0.020     0.000
  12    -0.015     0.001    -0.025     0.022    -0.002    -0.020     0.019    -0.002     0.000
