   0    12.577     2.846    -0.453    -0.227    -0.326    -0.428    -0.051    -0.232     0.000
   1    -2.273    -2.285     0.565     0.197    -0.160     0.179     0.341     0.024    -0.000
   2     1.462    -0.451     0.889    -0.200     0.540     0.177     0.119    -0.111     0.000
   3    -0.010    -0.984     0.136    -0.707    -0.158    -0.083     0.185    -0.142     0.000
   4     0.498     0.045     0.385    -0.040     0.123     0.057     0.031    -0.061     0.000
   5    -0.263    -0.138     0.042     0.280    -0.222     0.284     0.035     0.067    -0.000
   6    -0.117    -0.327     0.173    -0.315    -0.078     0.285     0.055    -0.094     0.000
   7    -0.004    -0.287    -0.104     0.090     0.039     0.014     0.058     0.175    -0.000
   8     0.008    -0.036    -0.096     0.009    -0.070     0.012     0.037     0.011    -0.000
   9    -0.005     0.030    -0.045     0.061    -0.025    -0.120    -0.064    -0.057     0.000
  10     0.091    -0.023     0.061     0.038    -0.016    -0.056    -0.000     0.008    -0.000
  11    -0.065    -0.030    -0.060    -0.039    -0.023    -0.050    -0.011    -0.033     0.000
  12    -0.024    -0.023    -0.005    -0.013    -0.035    -0.027     0.019     0.028    -0.000
