   0    15.207     0.593     0.806    -1.216     0.008    -0.423    -0.155     0.113    -0.000
   1    -2.929     0.315    -0.576     0.939    -0.341    -0.780     0.494    -0.374     0.000
   2     2.932    -0.547     1.628     0.081     1.285     0.061    -0.232    -0.272     0.000
   3    -1.642    -0.870     0.451    -0.320     0.291    -0.021    -0.013    -0.048     0.000
   4     0.089    -0.007    -0.031    -0.201    -0.341    -0.250     0.195    -0.186     0.000
   5    -0.361     0.284    -0.158     0.168    -0.172     0.214    -0.007     0.030    -0.000
   6    -0.213    -0.084    -0.493    -0.292     0.060    -0.227     0.030    -0.164     0.000
   7    -0.161    -0.379     0.203     0.095     0.006     0.060    -0.007     0.131    -0.000
   8     0.058     0.065    -0.075    -0.112    -0.027     0.059    -0.047     0.026    -0.000
   9    -0.016    -0.114     0.088     0.045    -0.088    -0.015     0.055     0.057    -0.000
  10     0.043    -0.005     0.127     0.011    -0.027     0.008     0.052     0.043    -0.000
  11    -0.015    -0.076    -0.046     0.008     0.021    -0.010     0.017     0.017    -0.000
  12     0.002    -0.039    -0.018     0.040    -0.012     0.001     0.016     0.027    -0.000
