   0    15.386    -1.975     0.969    -1.388    -0.156     0.043    -0.331     0.047     0.000
   1    -1.784     2.180    -0.310     0.878    -0.218    -0.951     0.376    -0.130     0.000
   2     2.965    -1.575     2.401     0.046     0.554     0.203    -0.503    -0.191     0.000
   3    -1.823    -0.062     0.180    -0.023     0.367     0.105    -0.023    -0.067     0.000
   4     0.157     0.096    -0.586    -0.194    -0.094     0.013     0.304    -0.222     0.000
   5    -0.297    -0.125    -0.121     0.190    -0.053     0.098     0.009     0.138    -0.000
   6    -0.307     0.079    -0.153    -0.322    -0.039    -0.059    -0.048    -0.113     0.000
   7    -0.118    -0.430     0.021     0.211     0.014    -0.005     0.024     0.120    -0.000
   8     0.086    -0.078    -0.280    -0.050     0.043     0.089    -0.053    -0.031     0.000
   9    -0.037    -0.126     0.150     0.086    -0.107    -0.030     0.062     0.062    -0.000
  10     0.009     0.021     0.099    -0.049    -0.039     0.034     0.012     0.023    -0.000
  11    -0.015    -0.048    -0.053     0.029     0.021     0.004     0.013     0.013    -0.000
  12     0.004    -0.015    -0.021     0.046    -0.027     0.001     0.021     0.014    -0.000
