   0     8.851    -3.645    -0.267     0.637    -0.008     0.116     0.003    -0.273    -0.000
   1     2.311     0.354    -0.362    -0.826    -0.277     0.413    -0.079    -0.257     0.000
   2    -1.839     1.107     0.677     0.017    -0.125    -0.023     0.067     0.004    -0.000
   3    -1.474     1.893    -0.259    -0.647     0.094     0.261     0.033    -0.125     0.000
   4    -0.156    -0.528     0.417     0.101    -0.164    -0.101     0.049     0.169    -0.000
   5    -0.263     0.051    -0.227    -0.092     0.068     0.000    -0.107     0.085    -0.000
   6    -0.033     0.679     0.131    -0.276    -0.111     0.025     0.034    -0.050    -0.000
   7     0.074    -0.084    -0.068     0.060     0.016    -0.060     0.063     0.007    -0.000
   8    -0.077    -0.144    -0.069     0.045    -0.070    -0.047    -0.030    -0.080     0.000
   9     0.005     0.057    -0.020     0.042    -0.010    -0.058     0.015     0.027    -0.000
  10     0.097    -0.121    -0.034     0.081    -0.049     0.032    -0.000    -0.036    -0.000
  11    -0.014     0.020    -0.019     0.000     0.014     0.006     0.006    -0.005     0.000
  12     0.032    -0.075     0.007    -0.025    -0.029     0.008    -0.005     0.002     0.000
