   0     3.869    -1.468    -0.149     0.387     0.172    -0.121    -0.013     0.014     0.000
   1     1.265    -0.938    -0.090     0.104     0.047     0.024    -0.009    -0.033    -0.000
   2    -0.652     1.143     0.275    -0.334    -0.146     0.068    -0.020    -0.072     0.000
   3    -0.388     0.408     0.008    -0.182     0.053     0.070    -0.045     0.024    -0.000
   4    -0.474     0.307     0.161    -0.091    -0.121     0.077    -0.029    -0.061     0.000
   5    -0.155     0.134    -0.060    -0.040    -0.008     0.036    -0.036    -0.025     0.000
   6     0.105     0.069     0.130    -0.059    -0.023    -0.033     0.032    -0.028     0.000
   7     0.012    -0.092    -0.009     0.067    -0.010     0.022     0.004    -0.022    -0.000
   8     0.007    -0.037    -0.015     0.028    -0.000    -0.047    -0.004     0.005    -0.000
   9     0.046    -0.076    -0.015     0.047    -0.000    -0.010     0.028    -0.007    -0.000
  10     0.012     0.034    -0.033     0.020     0.016    -0.049     0.004     0.036    -0.000
  11     0.020    -0.064    -0.035     0.035     0.002     0.005     0.012    -0.010     0.000
  12    -0.030     0.007    -0.003     0.006     0.023     0.002    -0.005     0.020    -0.000
