   0    11.564     2.745    -0.684    -0.083    -0.384    -0.370    -0.125    -0.280     0.000
   1    -2.019    -1.512     0.426    -0.345    -0.037    -0.086     0.125    -0.176    -0.000
   2     0.982    -0.444     0.873     0.047     0.497    -0.063     0.029    -0.227     0.000
   3    -0.037    -0.710     0.007    -0.483    -0.146    -0.011     0.020    -0.222     0.000
   4     0.556     0.152    -0.020     0.111     0.047    -0.009    -0.061    -0.107     0.000
   5    -0.289    -0.180     0.026     0.281    -0.068     0.353    -0.015     0.083    -0.000
   6    -0.097    -0.081     0.256    -0.118     0.082     0.275    -0.099    -0.067     0.000
   7    -0.042    -0.309    -0.071     0.069     0.047    -0.024     0.085     0.184    -0.000
   8    -0.020    -0.024    -0.174    -0.021    -0.016    -0.021    -0.005    -0.018     0.000
   9    -0.018    -0.057    -0.021     0.036    -0.041    -0.093    -0.017    -0.046     0.000
  10     0.009    -0.078    -0.006     0.015    -0.008    -0.061    -0.001     0.020    -0.000
  11    -0.039    -0.039    -0.051    -0.037    -0.039    -0.060     0.014    -0.002     0.000
  12    -0.043    -0.020     0.008    -0.018    -0.062    -0.049     0.008     0.005    -0.000
