   0     2.804    -0.756    -0.047     0.173     0.035    -0.071     0.029    -0.008    -0.000
   1     0.697    -0.542     0.047     0.045    -0.060    -0.014     0.025    -0.096     0.000
   2    -0.190     0.532     0.221    -0.162    -0.088     0.029    -0.024    -0.066     0.000
   3    -0.319     0.244     0.082    -0.121    -0.037     0.041    -0.005    -0.020     0.000
   4    -0.267     0.120     0.144    -0.037    -0.107     0.035    -0.006    -0.066    -0.000
   5    -0.119     0.101    -0.000    -0.000    -0.023    -0.007    -0.029    -0.023     0.000
   6     0.123     0.037     0.085    -0.047    -0.018    -0.037     0.022    -0.030     0.000
   7    -0.009    -0.055     0.005     0.056    -0.000    -0.001    -0.012    -0.007    -0.000
   8     0.045    -0.014    -0.030     0.012     0.008    -0.023    -0.007    -0.009     0.000
   9     0.022    -0.033    -0.023     0.014     0.018    -0.007     0.004    -0.004     0.000
  10     0.022     0.027    -0.019    -0.011    -0.002    -0.029     0.006     0.012    -0.000
  11     0.014    -0.023    -0.034     0.017     0.010     0.009     0.003    -0.003     0.000
  12    -0.020    -0.006     0.015     0.000    -0.004     0.005     0.004     0.017    -0.000
