   0    13.869    -4.884     1.080     0.092    -0.534     0.285    -0.055    -0.221    -0.000
   1     1.648     3.016     0.340    -0.619     0.051    -0.545    -0.081     0.314    -0.000
   2     1.140    -1.389     1.850     0.397    -0.688     0.196    -0.072     0.061    -0.000
   3    -1.815     2.013     0.144    -0.102     0.209    -0.131    -0.136     0.047    -0.000
   4     0.408    -0.169    -0.407    -0.089     0.538     0.121    -0.150    -0.056     0.000
   5     0.140    -0.632    -0.123     0.290     0.051    -0.064    -0.037     0.079    -0.000
   6    -0.390     0.653     0.301    -0.151    -0.489     0.153     0.140     0.071    -0.000
   7    -0.170    -0.143    -0.237     0.172     0.021    -0.077     0.045    -0.001     0.000
   8     0.086    -0.232    -0.305     0.094     0.220    -0.027    -0.117     0.003     0.000
   9    -0.027    -0.072     0.033    -0.009    -0.006    -0.024     0.003    -0.021     0.000
  10     0.100     0.042     0.048     0.002    -0.039     0.080    -0.003    -0.027     0.000
  11    -0.034    -0.028     0.008     0.022    -0.000     0.040     0.031    -0.025     0.000
  12    -0.041     0.001    -0.012    -0.010     0.012    -0.044     0.008    -0.006     0.000
