   0     4.992    -2.105    -0.241     0.486     0.265    -0.099    -0.021     0.007    -0.000
   1     1.681    -0.977    -0.231    -0.053     0.174     0.105    -0.059     0.038    -0.000
   2    -1.244     1.643     0.378    -0.356    -0.193     0.049    -0.059    -0.041     0.000
   3    -0.560     0.595    -0.052    -0.222     0.148     0.083    -0.113     0.056    -0.000
   4    -0.615     0.146     0.202    -0.015    -0.127     0.035    -0.072    -0.016     0.000
   5    -0.188     0.095    -0.137    -0.022     0.045     0.027    -0.088     0.023    -0.000
   6     0.169     0.013     0.191    -0.083    -0.049    -0.001     0.048    -0.040     0.000
   7     0.027    -0.109    -0.029     0.052    -0.016     0.026     0.019    -0.011    -0.000
   8    -0.018    -0.074    -0.007     0.011    -0.025    -0.031     0.018     0.006    -0.000
   9     0.064    -0.074    -0.029     0.043     0.008    -0.004     0.050    -0.001    -0.000
  10     0.022     0.017    -0.047     0.068     0.035    -0.049    -0.003     0.047    -0.000
  11     0.021    -0.077    -0.041     0.039     0.004    -0.002     0.023    -0.012     0.000
  12    -0.044     0.015    -0.003     0.023     0.033    -0.003    -0.011     0.014    -0.000
