   0     1.515    -0.206    -0.018     0.055    -0.076    -0.010     0.055    -0.054    -0.000
   1     0.221    -0.177     0.025     0.063    -0.062    -0.019     0.010    -0.029     0.000
   2     0.035     0.005     0.045    -0.037    -0.045     0.026    -0.030    -0.013     0.000
   3    -0.138     0.007    -0.015    -0.048    -0.051    -0.002     0.003    -0.001     0.000
   4    -0.050    -0.136     0.032     0.042    -0.025     0.022    -0.017    -0.008     0.000
   5    -0.095    -0.025     0.001     0.016    -0.029    -0.021    -0.018     0.030    -0.000
   6     0.111    -0.015     0.056    -0.015    -0.053     0.003     0.021    -0.021     0.000
   7    -0.023    -0.015     0.010     0.031    -0.006    -0.012     0.000    -0.000    -0.000
   8     0.062    -0.003     0.028     0.027    -0.014    -0.004     0.015    -0.021     0.000
   9     0.011     0.012    -0.003     0.006     0.012    -0.005    -0.002    -0.012     0.000
  10     0.014     0.012     0.006    -0.008    -0.023    -0.008     0.016     0.005    -0.000
  11     0.011     0.016    -0.012     0.006     0.012     0.002    -0.005    -0.007     0.000
  12    -0.022    -0.004     0.005    -0.010    -0.002    -0.000     0.003     0.017    -0.000
