   0    10.575    -0.293     0.384    -0.206    -0.062    -0.026    -0.014    -0.225     0.000
   1    -2.013     0.553    -0.021     0.113    -0.057    -0.347     0.157    -0.208     0.000
   2     2.249    -0.346     2.084    -0.109     0.029     0.128    -0.024    -0.219     0.000
   3    -0.815    -0.189    -0.393     0.055    -0.027     0.088    -0.113    -0.061     0.000
   4     0.399    -0.020    -0.212    -0.060     0.070    -0.095     0.096    -0.127     0.000
   5    -0.020    -0.004    -0.187     0.049    -0.078     0.034    -0.042     0.043    -0.000
   6    -0.151     0.018    -0.089    -0.115    -0.039    -0.018    -0.015    -0.008     0.000
   7    -0.070    -0.047    -0.011    -0.079     0.000     0.004     0.012     0.004    -0.000
   8     0.087    -0.065    -0.088     0.089    -0.012     0.011     0.005     0.011    -0.000
   9     0.018     0.067     0.006     0.026    -0.016     0.027    -0.009     0.012    -0.000
  10    -0.054     0.061    -0.010    -0.024     0.004    -0.036    -0.016     0.009     0.000
  11    -0.040     0.007    -0.029     0.004    -0.012     0.005    -0.003    -0.008     0.000
  12    -0.041     0.051    -0.009    -0.020    -0.014     0.014     0.004     0.001    -0.000
