   0     7.615    -1.704    -0.050     0.416    -0.092     0.053     0.080     0.011     0.000
   1     3.620    -0.582    -0.049    -0.267     0.152    -0.017     0.015    -0.020     0.000
   2    -0.932     0.566     0.176    -0.148     0.092    -0.007     0.069    -0.021     0.000
   3    -0.290     0.818     0.055    -0.372    -0.010    -0.006     0.109    -0.033     0.000
   4    -0.053     0.003     0.144     0.034    -0.035    -0.032     0.032    -0.031     0.000
   5    -0.335     0.182     0.091     0.033    -0.041    -0.108     0.060     0.038    -0.000
   6     0.366     0.203    -0.011    -0.097    -0.012     0.014    -0.020    -0.012     0.000
   7    -0.140    -0.083     0.100     0.111    -0.062    -0.033     0.073     0.022    -0.000
   8    -0.208     0.012    -0.049    -0.043    -0.031     0.010    -0.023    -0.009     0.000
   9     0.058    -0.054     0.010     0.044    -0.018     0.002     0.032     0.022    -0.000
  10     0.066    -0.065    -0.015    -0.046     0.043     0.004     0.003    -0.010     0.000
  11    -0.054    -0.026    -0.004    -0.008     0.018    -0.002     0.023     0.020    -0.000
  12    -0.025    -0.021     0.015    -0.011     0.027    -0.003    -0.003    -0.007     0.000
