   0     7.858     0.490    -0.376     0.223     0.131    -0.068     0.026    -0.069    -0.000
   1    -0.865    -0.770     0.120     0.160     0.587    -0.042     0.108    -0.099     0.000
   2     0.670    -0.207     0.734     0.018     0.187    -0.037     0.083    -0.136     0.000
   3     0.390    -0.315    -0.383    -0.052    -0.111     0.145    -0.112     0.096    -0.000
   4     0.422     0.297     0.082     0.149     0.234     0.096     0.004     0.009    -0.000
   5    -0.193    -0.201     0.009     0.025     0.035     0.030     0.041    -0.009    -0.000
   6    -0.003    -0.168     0.191     0.016     0.062     0.000    -0.028     0.015    -0.000
   7    -0.070    -0.098    -0.030    -0.062     0.033    -0.057    -0.020    -0.040     0.000
   8     0.015    -0.048    -0.130     0.067     0.002    -0.071    -0.001     0.061    -0.000
   9    -0.004     0.032     0.037    -0.007     0.021    -0.042     0.002    -0.017     0.000
  10     0.003     0.013    -0.030    -0.055    -0.006    -0.043     0.018    -0.009     0.000
  11    -0.027    -0.015     0.006     0.010    -0.010     0.001    -0.002     0.000    -0.000
  12    -0.018    -0.011    -0.005    -0.013     0.004    -0.016     0.012    -0.011     0.000
