   0     9.854     0.626     0.040    -0.085    -0.094    -0.060     0.014    -0.246     0.000
   1    -1.776    -0.377    -0.013     0.315     0.084    -0.210     0.203    -0.185     0.000
   2     1.978    -0.185     1.364    -0.055     0.031     0.094     0.090    -0.183    -0.000
   3    -0.261    -0.296    -0.503    -0.187    -0.090     0.108    -0.078    -0.061     0.000
   4     0.356    -0.064     0.123     0.160    -0.060     0.014     0.091    -0.048     0.000
   5    -0.163     0.039    -0.173    -0.000    -0.016     0.040    -0.023     0.067    -0.000
   6     0.086    -0.149    -0.129    -0.082    -0.109     0.042     0.003     0.020    -0.000
   7    -0.058    -0.025    -0.010    -0.102     0.051    -0.088    -0.022    -0.037     0.000
   8     0.019    -0.071    -0.070     0.104    -0.014    -0.009     0.036     0.032    -0.000
   9    -0.002     0.036     0.005     0.023     0.006     0.009    -0.019     0.013    -0.000
  10    -0.019     0.072    -0.019    -0.044     0.016    -0.037    -0.010     0.008    -0.000
  11    -0.040    -0.002    -0.029     0.006    -0.002     0.001    -0.010     0.002    -0.000
  12    -0.047     0.042     0.007    -0.016    -0.004     0.010     0.004    -0.002     0.000
