   0    10.394    -2.442     0.332     0.263     0.023     0.161    -0.026    -0.105    -0.000
   1     0.266     1.148     0.153    -0.592     0.285    -0.088    -0.019    -0.180     0.000
   2     1.118    -0.770     1.405     0.021    -0.382     0.038     0.060    -0.079    -0.000
   3    -1.130     0.850     0.063     0.015     0.216     0.022    -0.053    -0.052    -0.000
   4     0.916    -0.481    -0.167    -0.084     0.285    -0.041    -0.089    -0.081     0.000
   5    -0.237    -0.180    -0.020     0.038    -0.021     0.055    -0.036    -0.052     0.000
   6    -0.209     0.171    -0.029    -0.242    -0.002     0.012     0.012    -0.040     0.000
   7    -0.049    -0.084    -0.043     0.002     0.016     0.065    -0.003     0.027    -0.000
   8     0.135    -0.076    -0.037     0.056     0.002     0.024     0.013    -0.023     0.000
   9     0.006     0.041    -0.016    -0.031     0.016     0.005    -0.007     0.044    -0.000
  10    -0.013     0.045     0.031     0.044     0.008     0.017    -0.021     0.028    -0.000
  11    -0.036     0.035    -0.023    -0.004    -0.002    -0.001     0.013    -0.003     0.000
  12    -0.020     0.017    -0.003     0.004     0.004    -0.011    -0.002     0.004     0.000
