   0     2.673    -0.193    -0.038     0.108     0.025    -0.057    -0.028    -0.006     0.000
   1     0.252    -0.179    -0.050    -0.010     0.090    -0.030    -0.052    -0.038     0.000
   2     0.134    -0.050     0.089     0.008     0.045     0.039     0.053     0.056    -0.000
   3    -0.030    -0.100    -0.035     0.066     0.103     0.051     0.005     0.031    -0.000
   4    -0.311     0.019     0.066    -0.081     0.051    -0.008     0.021    -0.003    -0.000
   5    -0.076    -0.022    -0.007    -0.018     0.037     0.022     0.005     0.016    -0.000
   6     0.264     0.046    -0.012     0.012    -0.002    -0.021    -0.030     0.005     0.000
   7    -0.091    -0.010    -0.018     0.021     0.006     0.004    -0.008     0.010    -0.000
   8    -0.057     0.016    -0.007    -0.020    -0.033    -0.048    -0.018    -0.007     0.000
   9     0.028     0.020    -0.031    -0.002    -0.014     0.006    -0.017     0.005    -0.000
  10     0.054    -0.008     0.002     0.004     0.018    -0.008     0.001     0.009    -0.000
  11    -0.017    -0.000    -0.011    -0.002    -0.002     0.007    -0.004     0.000     0.000
  12    -0.036    -0.005     0.008     0.008     0.006     0.004     0.006     0.006    -0.000
