   0     2.346    -0.132    -0.051     0.081    -0.023    -0.063    -0.031     0.006    -0.000
   1     0.139    -0.146    -0.055     0.038     0.064    -0.051    -0.046    -0.008    -0.000
   2     0.174    -0.071     0.078     0.009     0.014     0.027     0.049     0.045    -0.000
   3    -0.034    -0.062    -0.027     0.049     0.055     0.024    -0.002     0.050    -0.000
   4    -0.202    -0.000     0.043    -0.046     0.051    -0.007     0.023     0.005     0.000
   5    -0.072    -0.018     0.011     0.013     0.025     0.006     0.020     0.024    -0.000
   6     0.266     0.025    -0.025     0.026    -0.025    -0.024    -0.019     0.001    -0.000
   7    -0.079    -0.006    -0.003     0.017    -0.010    -0.002     0.004     0.008    -0.000
   8    -0.027    -0.003    -0.008    -0.005    -0.035    -0.031    -0.006    -0.008     0.000
   9     0.023     0.010    -0.022     0.006    -0.014    -0.000    -0.005     0.000    -0.000
  10     0.051    -0.004     0.003     0.006     0.004    -0.007     0.002     0.005    -0.000
  11    -0.011    -0.000    -0.010    -0.004    -0.006     0.007    -0.000    -0.003     0.000
  12    -0.035    -0.002     0.008     0.006     0.002     0.005     0.006     0.002    -0.000
