   0     2.058    -0.119    -0.018     0.067    -0.021    -0.052    -0.006     0.037    -0.000
   1     0.151    -0.141    -0.020     0.066     0.074    -0.067    -0.036     0.021    -0.000
   2     0.175    -0.015     0.049    -0.008    -0.008     0.017     0.039     0.030    -0.000
   3     0.007    -0.034    -0.037     0.025     0.035    -0.002     0.013     0.055    -0.000
   4    -0.134     0.017     0.022    -0.039     0.062    -0.002     0.021     0.014    -0.000
   5    -0.067    -0.008     0.007     0.019     0.027    -0.007     0.020     0.013    -0.000
   6     0.265     0.006    -0.011     0.029    -0.008    -0.014    -0.011     0.013    -0.000
   7    -0.079    -0.013    -0.000     0.010    -0.000    -0.004     0.009     0.005    -0.000
   8    -0.000    -0.023    -0.005     0.001    -0.018    -0.027    -0.003     0.001     0.000
   9     0.021    -0.002    -0.018     0.010    -0.008    -0.002    -0.006     0.001     0.000
  10     0.054    -0.005     0.000     0.006    -0.000    -0.013     0.000     0.003    -0.000
  11    -0.010    -0.004    -0.010     0.002    -0.006    -0.001    -0.000    -0.006     0.000
  12    -0.025     0.000    -0.001     0.004    -0.000     0.000     0.005     0.000    -0.000
