   0     1.718    -0.082     0.039     0.049    -0.000    -0.018     0.010     0.041    -0.000
   1     0.188    -0.076     0.043     0.028     0.084    -0.040    -0.022     0.022     0.000
   2     0.168     0.032     0.029    -0.008    -0.016     0.021     0.016     0.007    -0.000
   3     0.018     0.011    -0.004    -0.004     0.029     0.003     0.007     0.028    -0.000
   4    -0.079     0.036     0.035    -0.025     0.051     0.008     0.010    -0.001     0.000
   5    -0.075     0.022     0.010    -0.006     0.023    -0.006     0.013    -0.002     0.000
   6     0.244    -0.002     0.005     0.023    -0.000    -0.001    -0.003     0.012    -0.000
   7    -0.078    -0.006     0.004    -0.004    -0.000     0.001     0.006    -0.002     0.000
   8     0.018    -0.036     0.015     0.004    -0.006    -0.022    -0.003     0.005     0.000
   9     0.015    -0.006    -0.012     0.004    -0.008     0.001    -0.005     0.004     0.000
  10     0.047    -0.010     0.002     0.002     0.002    -0.009     0.001     0.004    -0.000
  11    -0.004    -0.006    -0.010     0.004    -0.006    -0.002    -0.000    -0.001     0.000
  12    -0.021     0.000    -0.002     0.002    -0.000     0.000     0.002    -0.001     0.000
