   0     4.719    -1.030    -0.113     0.249    -0.016     0.005     0.026     0.021    -0.000
   1     1.821    -0.696    -0.200     0.048     0.068     0.005    -0.013     0.024     0.000
   2    -0.788     0.692     0.062    -0.255     0.008    -0.006     0.079     0.040    -0.000
   3     0.100     0.176    -0.131    -0.136     0.016     0.018     0.087    -0.035     0.000
   4    -0.742     0.256     0.089    -0.130    -0.002    -0.066     0.046     0.029     0.000
   5    -0.130     0.135    -0.081     0.005     0.041    -0.077     0.054     0.012     0.000
   6     0.367     0.013     0.048    -0.040     0.014    -0.003    -0.003    -0.018     0.000
   7    -0.107    -0.049    -0.017     0.058    -0.021    -0.064     0.030     0.002    -0.000
   8    -0.115     0.014     0.027    -0.037    -0.012     0.009    -0.027     0.009    -0.000
   9     0.101     0.007    -0.045     0.010     0.008    -0.004    -0.001     0.014    -0.000
  10     0.085    -0.018     0.006    -0.035     0.027     0.008    -0.015     0.011     0.000
  11    -0.015    -0.033    -0.015     0.002     0.010    -0.007    -0.010     0.015    -0.000
  12    -0.003    -0.005    -0.002    -0.004     0.000    -0.003    -0.008     0.006    -0.000
