   0     8.857    -2.074     0.158     0.426    -0.082     0.073     0.061    -0.006    -0.000
   1     3.435    -0.302     0.143    -0.522     0.230    -0.010    -0.050    -0.072     0.000
   2    -0.441     0.065     0.259     0.064     0.070    -0.010     0.061     0.038    -0.000
   3    -0.788     0.950     0.171    -0.371     0.037    -0.064     0.070    -0.004     0.000
   4     0.439    -0.280     0.126     0.133    -0.047     0.014     0.049     0.032    -0.000
   5    -0.389     0.131     0.134     0.056    -0.080    -0.086     0.016     0.028    -0.000
   6     0.176     0.219    -0.092    -0.134    -0.016     0.016    -0.010     0.026     0.000
   7    -0.081    -0.135     0.082     0.128    -0.096    -0.020     0.051     0.019    -0.000
   8    -0.156    -0.055    -0.053    -0.006    -0.029     0.008    -0.010    -0.001     0.000
   9     0.049    -0.032     0.035     0.025    -0.031     0.013     0.033     0.015    -0.000
  10     0.089    -0.051    -0.004    -0.039     0.037     0.002     0.007    -0.002     0.000
  11    -0.048     0.005    -0.001    -0.021     0.008     0.003     0.018     0.011    -0.000
  12    -0.030    -0.020     0.020    -0.004     0.012     0.000     0.000    -0.004     0.000
