   0     7.559     0.362    -0.379     0.227     0.140    -0.108     0.024    -0.074     0.000
   1    -0.738    -0.803     0.136     0.101     0.558    -0.074     0.062    -0.107     0.000
   2     0.462    -0.207     0.752     0.022     0.265    -0.060     0.066    -0.147     0.000
   3     0.416    -0.413    -0.303     0.036    -0.115     0.175    -0.116     0.124    -0.000
   4     0.447     0.408     0.086     0.075     0.294     0.073     0.013    -0.037    -0.000
   5    -0.153    -0.284     0.033     0.071     0.023     0.051     0.034    -0.017    -0.000
   6    -0.096    -0.129     0.209     0.039     0.115    -0.010    -0.067     0.007    -0.000
   7    -0.053    -0.135    -0.012    -0.015     0.010    -0.016    -0.021    -0.014     0.000
   8     0.004    -0.039    -0.122     0.046    -0.002    -0.091    -0.015     0.056    -0.000
   9     0.021     0.017     0.049    -0.009     0.010    -0.036     0.010    -0.024     0.000
  10    -0.001    -0.001    -0.038    -0.058    -0.010    -0.053     0.010    -0.013     0.000
  11    -0.020    -0.012     0.017     0.017    -0.012     0.005     0.002    -0.004    -0.000
  12    -0.008    -0.018    -0.003    -0.005    -0.000    -0.021     0.011    -0.016     0.000
