   0     3.143    -0.367    -0.044     0.151     0.080    -0.058    -0.013    -0.004    -0.000
   1     0.584    -0.281    -0.081     0.029     0.121    -0.024    -0.083    -0.038     0.000
   2    -0.037     0.108     0.069    -0.021     0.043     0.025     0.068     0.082    -0.000
   3     0.035    -0.105    -0.100     0.086     0.135     0.038     0.022     0.009     0.000
   4    -0.496     0.103     0.073    -0.114     0.047    -0.024     0.017     0.022     0.000
   5    -0.079     0.004    -0.055    -0.020     0.055     0.014    -0.015     0.016     0.000
   6     0.261     0.062     0.006    -0.004     0.035    -0.019    -0.024     0.024     0.000
   7    -0.111    -0.022    -0.048     0.033     0.027    -0.004    -0.019     0.010    -0.000
   8    -0.082     0.027    -0.001    -0.024    -0.021    -0.059    -0.035     0.006     0.000
   9     0.049     0.027    -0.039    -0.010    -0.000     0.005    -0.032     0.008     0.000
  10     0.066    -0.020    -0.001     0.004     0.027    -0.016     0.003     0.020    -0.000
  11    -0.016    -0.000    -0.019    -0.004     0.002     0.007    -0.012     0.001     0.000
  12    -0.017    -0.006     0.001     0.013    -0.004     0.001     0.004     0.007    -0.000
