   0     9.733    -2.395     0.284     0.414    -0.014     0.112     0.002    -0.046     0.000
   1     2.144     0.280     0.170    -0.655     0.341     0.005    -0.122    -0.124     0.000
   2     0.313    -0.466     0.628     0.125    -0.121    -0.016     0.050     0.034     0.000
   3    -1.063     1.031     0.235    -0.212     0.138    -0.038    -0.002    -0.014     0.000
   4     0.809    -0.493     0.060     0.061     0.051     0.001    -0.033     0.026    -0.000
   5    -0.335     0.029     0.107     0.058    -0.029    -0.003    -0.040    -0.025     0.000
   6    -0.037     0.188    -0.102    -0.211     0.027     0.015    -0.033     0.004     0.000
   7    -0.034    -0.147     0.013     0.089    -0.060     0.017     0.012     0.007    -0.000
   8    -0.022    -0.041    -0.025     0.037    -0.012    -0.001    -0.001    -0.006    -0.000
   9     0.030    -0.003     0.025    -0.005    -0.010     0.019     0.017     0.028    -0.000
  10     0.063     0.011     0.024     0.019     0.023    -0.004    -0.009     0.017    -0.000
  11    -0.031     0.028    -0.011    -0.016    -0.002     0.007     0.018     0.001     0.000
  12    -0.030    -0.001     0.017     0.012     0.004    -0.009     0.002    -0.000    -0.000
