   0     3.780    -0.649    -0.068     0.188     0.062    -0.042    -0.004    -0.005    -0.000
   1     1.067    -0.432    -0.116     0.061     0.099    -0.005    -0.071    -0.003    -0.000
   2    -0.396     0.403     0.053    -0.125     0.004     0.008     0.086     0.072    -0.000
   3     0.054    -0.001    -0.135     0.002     0.082     0.017     0.049    -0.026     0.000
   4    -0.701     0.210     0.085    -0.121     0.016    -0.044     0.028     0.041    -0.000
   5    -0.104     0.089    -0.088    -0.013     0.047    -0.028     0.011     0.024    -0.000
   6     0.277     0.049     0.035    -0.019     0.027    -0.014    -0.012     0.004    -0.000
   7    -0.114    -0.030    -0.057     0.047     0.004    -0.038    -0.003     0.005    -0.000
   8    -0.090     0.015     0.019    -0.023    -0.014    -0.024    -0.041     0.014    -0.000
   9     0.080     0.031    -0.045    -0.012     0.008    -0.002    -0.024     0.013    -0.000
  10     0.084    -0.024    -0.002    -0.015     0.029    -0.007    -0.008     0.016    -0.000
  11    -0.015    -0.015    -0.020    -0.002     0.002    -0.003    -0.016     0.006    -0.000
  12     0.003    -0.005    -0.003     0.008    -0.008    -0.003    -0.002     0.006    -0.000
