   0    10.740    -1.687     0.425    -0.031     0.006     0.120    -0.025    -0.148     0.000
   1    -1.338     1.416     0.079    -0.273     0.074    -0.261     0.122    -0.195     0.000
   2     1.876    -0.676     2.124    -0.087    -0.273     0.112    -0.013    -0.181    -0.000
   3    -1.097     0.301    -0.241     0.172     0.133     0.056    -0.106    -0.049    -0.000
   4     0.685    -0.213    -0.394    -0.157     0.333    -0.090    -0.002    -0.136     0.000
   5    -0.079    -0.194    -0.133     0.040    -0.080     0.048    -0.022    -0.014     0.000
   6    -0.260     0.119     0.004    -0.187    -0.031    -0.023     0.044    -0.029     0.000
   7    -0.079    -0.029    -0.048    -0.069     0.021     0.062     0.009     0.027    -0.000
   8     0.179    -0.118    -0.080     0.067     0.006     0.036     0.010    -0.015    -0.000
   9     0.005     0.079    -0.021    -0.010    -0.002     0.005    -0.011     0.024    -0.000
  10    -0.065     0.055     0.013     0.013    -0.008     0.005    -0.013     0.022    -0.000
  11    -0.041     0.023    -0.022     0.002    -0.004    -0.003     0.001    -0.010     0.000
  12    -0.030     0.033    -0.020    -0.012    -0.008     0.004    -0.000     0.004    -0.000
