   0     6.082    -1.380    -0.156     0.355    -0.072     0.040     0.061     0.035    -0.000
   1     2.860    -0.766    -0.234    -0.026     0.096     0.003     0.019     0.027     0.000
   2    -1.013     0.794     0.114    -0.285     0.062    -0.014     0.054     0.001    -0.000
   3     0.071     0.505    -0.073    -0.253    -0.008     0.031     0.107    -0.030     0.000
   4    -0.495     0.200     0.117    -0.097     0.002    -0.067     0.027    -0.012     0.000
   5    -0.201     0.172    -0.006     0.021     0.027    -0.099     0.069     0.017    -0.000
   6     0.447     0.080     0.035    -0.072     0.018     0.006    -0.021    -0.022     0.000
   7    -0.129    -0.058     0.046     0.077    -0.027    -0.054     0.052     0.007    -0.000
   8    -0.175     0.040    -0.002    -0.056    -0.018     0.011    -0.023    -0.007     0.000
   9     0.083    -0.037    -0.028     0.039    -0.002     0.000     0.016     0.018    -0.000
  10     0.061    -0.030     0.000    -0.035     0.033     0.007    -0.009     0.001     0.000
  11    -0.034    -0.044    -0.013     0.008     0.023    -0.009     0.011     0.020    -0.000
  12    -0.021    -0.006     0.004    -0.006     0.016    -0.009    -0.007    -0.001     0.000
