   0     8.754     0.726    -0.287     0.137     0.027    -0.021     0.028    -0.138     0.000
   1    -1.240    -0.687     0.064     0.287     0.439    -0.045     0.195    -0.120    -0.000
   2     1.283    -0.199     0.824    -0.001     0.027     0.026     0.126    -0.136     0.000
   3     0.211    -0.226    -0.519    -0.215    -0.094     0.110    -0.085     0.014    -0.000
   4     0.397     0.036     0.147     0.252     0.076     0.109     0.025     0.041    -0.000
   5    -0.254    -0.057    -0.073    -0.032     0.031     0.023     0.024     0.033    -0.000
   6     0.153    -0.225     0.042    -0.041    -0.074     0.043     0.035     0.032    -0.000
   7    -0.076    -0.025    -0.039    -0.122     0.070    -0.121    -0.032    -0.064     0.000
   8     0.021    -0.086    -0.107     0.099    -0.002    -0.028     0.033     0.055    -0.000
   9    -0.027     0.037     0.011    -0.001     0.027    -0.032    -0.018     0.005     0.000
  10     0.002     0.055    -0.022    -0.052     0.006    -0.029     0.017     0.003     0.000
  11    -0.039    -0.015    -0.015     0.008    -0.002    -0.003    -0.010     0.007    -0.000
  12    -0.036     0.015    -0.000    -0.015     0.004    -0.004     0.009    -0.006     0.000
