   0     9.621    -1.286     0.280     0.047     0.074     0.063    -0.146     0.052    -0.000
   1     1.655     2.338     0.307    -0.246     0.263    -0.125    -0.141     0.137    -0.000
   2     1.217    -0.425     0.320     0.271    -0.053     0.027     0.127    -0.018     0.000
   3    -0.340     0.446     0.198     0.164     0.055     0.035    -0.201    -0.030     0.000
   4    -0.716     0.259    -0.209     0.122     0.127     0.070     0.099    -0.076     0.000
   5     0.034    -0.048    -0.059     0.272    -0.002     0.025    -0.030     0.029    -0.000
   6     0.106    -0.120    -0.079     0.123     0.039    -0.028     0.023    -0.022     0.000
   7    -0.042    -0.037    -0.093     0.083     0.057    -0.006    -0.005     0.020    -0.000
   8    -0.031     0.050     0.010    -0.012     0.076     0.018     0.045    -0.003     0.000
   9    -0.046     0.012    -0.030     0.073     0.012     0.013     0.015     0.043    -0.000
  10     0.004    -0.035     0.044    -0.024     0.018     0.046     0.026    -0.032     0.000
  11     0.014    -0.009    -0.017     0.031    -0.012     0.007    -0.002     0.017    -0.000
  12    -0.022     0.016    -0.009    -0.006     0.018     0.009     0.004     0.000     0.000
