   0     5.750    -0.976    -0.059     0.313     0.016     0.064    -0.023     0.040     0.000
   1     0.662    -0.490     0.143    -0.133    -0.025     0.054     0.035    -0.042     0.000
   2     0.482     0.025     0.038    -0.087    -0.160     0.094     0.060    -0.002    -0.000
   3    -1.360     0.242     0.056    -0.054    -0.014     0.210    -0.004    -0.007    -0.000
   4    -1.046     0.012    -0.034    -0.052    -0.029     0.008    -0.035    -0.006     0.000
   5     0.271     0.041    -0.035    -0.069    -0.016    -0.000     0.028    -0.030     0.000
   6     0.142     0.060    -0.119     0.013    -0.117     0.006    -0.022     0.073    -0.000
   7    -0.070    -0.003    -0.039     0.038     0.006    -0.031    -0.017    -0.024     0.000
   8     0.068     0.081    -0.046    -0.047     0.027     0.007    -0.012     0.030     0.000
   9     0.047     0.001    -0.001    -0.021     0.016    -0.017    -0.004     0.010     0.000
  10    -0.033     0.047     0.013     0.038     0.023     0.011    -0.020    -0.005     0.000
  11     0.014    -0.027     0.006     0.003     0.004     0.022    -0.009    -0.009     0.000
  12     0.022    -0.014    -0.011    -0.017     0.004    -0.000     0.003     0.002     0.000
