   0    10.319    -0.667     0.534    -0.332     0.121     0.131    -0.142     0.035     0.000
   1     0.897     2.622     0.351     0.283     0.345    -0.131    -0.036     0.056     0.000
   2     1.651    -0.261     0.682     0.280    -0.129     0.122     0.064    -0.045    -0.000
   3    -0.158     0.278     0.255    -0.130     0.166     0.089    -0.154    -0.094     0.000
   4    -0.471     0.226    -0.299     0.211    -0.043     0.132     0.143    -0.034    -0.000
   5    -0.264    -0.031    -0.068     0.286     0.045     0.003    -0.036    -0.010    -0.000
   6     0.302    -0.115    -0.129     0.147     0.070    -0.004    -0.044    -0.032     0.000
   7    -0.034    -0.133    -0.064    -0.018     0.027    -0.024     0.018    -0.019     0.000
   8     0.064     0.057     0.008     0.005     0.039     0.040     0.024     0.002    -0.000
   9    -0.095    -0.026    -0.011     0.078     0.029    -0.017     0.003     0.022    -0.000
  10     0.013    -0.020     0.073    -0.034     0.018     0.043    -0.002    -0.029     0.000
  11    -0.009    -0.009    -0.020    -0.000     0.010    -0.017     0.002     0.011    -0.000
  12     0.003     0.010    -0.010    -0.004     0.021     0.007    -0.007     0.002    -0.000
