   0     4.668    -0.446    -0.047     0.235    -0.008     0.058    -0.018     0.051    -0.000
   1    -0.043    -0.372    -0.105     0.120     0.109     0.024    -0.022    -0.039     0.000
   2     0.639    -0.015    -0.017    -0.020    -0.101     0.109     0.036    -0.032     0.000
   3    -1.004    -0.147     0.024     0.119     0.068     0.171     0.013     0.092    -0.000
   4    -0.937     0.300    -0.020     0.008     0.006     0.028    -0.020     0.014    -0.000
   5     0.209    -0.012    -0.041    -0.029     0.027     0.007     0.030    -0.038     0.000
   6     0.265     0.054    -0.052     0.026     0.006     0.034    -0.012     0.063    -0.000
   7    -0.060    -0.040     0.001     0.046     0.014    -0.038     0.010    -0.033     0.000
   8     0.083     0.072    -0.025    -0.009     0.027     0.033    -0.017    -0.003     0.000
   9     0.012    -0.040     0.021     0.008    -0.012    -0.022     0.004     0.002    -0.000
  10    -0.006     0.010     0.022     0.025     0.035     0.013    -0.017    -0.003    -0.000
  11     0.025    -0.025     0.013    -0.011    -0.010    -0.006     0.002    -0.007     0.000
  12    -0.018    -0.008    -0.022    -0.014    -0.002     0.006    -0.005    -0.004     0.000
