   0     4.161    -0.330    -0.073     0.174    -0.008     0.010    -0.032     0.049    -0.000
   1    -0.165    -0.330    -0.148     0.212     0.170    -0.047    -0.083     0.007    -0.000
   2     0.664    -0.025    -0.049    -0.030    -0.107     0.132     0.028    -0.055     0.000
   3    -0.739    -0.195    -0.018     0.115     0.060     0.102    -0.008     0.099    -0.000
   4    -0.700     0.311    -0.050    -0.026     0.002     0.017    -0.005     0.003    -0.000
   5     0.175    -0.029    -0.034     0.010     0.023    -0.003     0.016    -0.002     0.000
   6     0.271     0.105    -0.047    -0.038    -0.002     0.046    -0.003     0.016    -0.000
   7    -0.080    -0.032     0.004     0.022     0.010    -0.037    -0.000    -0.007     0.000
   8     0.024     0.080    -0.029    -0.032     0.014     0.033    -0.010    -0.024     0.000
   9    -0.000    -0.022     0.034     0.016    -0.016    -0.014     0.000     0.021    -0.000
  10     0.010     0.018     0.025    -0.004     0.008     0.017    -0.012    -0.017     0.000
  11     0.022    -0.007     0.017    -0.010    -0.006     0.002     0.005     0.004    -0.000
  12    -0.031    -0.006    -0.019    -0.017    -0.002     0.007    -0.003    -0.012     0.000
