   0     5.141    -0.665    -0.034     0.305     0.004     0.065    -0.022     0.037    -0.000
   1     0.165    -0.455     0.042    -0.036     0.039     0.035     0.037    -0.063     0.000
   2     0.562    -0.003     0.023    -0.024    -0.119     0.097     0.047    -0.018    -0.000
   3    -1.298     0.005     0.060     0.078     0.062     0.207    -0.004     0.031    -0.000
   4    -1.047     0.183    -0.014    -0.032     0.016     0.032    -0.022    -0.001     0.000
   5     0.220     0.024    -0.035    -0.079     0.016     0.011     0.037    -0.061     0.000
   6     0.202     0.036    -0.072     0.047    -0.031     0.027    -0.026     0.069    -0.000
   7    -0.063    -0.030    -0.025     0.063     0.023    -0.032     0.005    -0.048     0.000
   8     0.112     0.064    -0.028    -0.026     0.041     0.025    -0.013     0.015    -0.000
   9     0.025    -0.028     0.001    -0.009     0.004    -0.024     0.004    -0.009     0.000
  10    -0.031     0.011     0.021     0.046     0.043     0.010    -0.021     0.002    -0.000
  11     0.022    -0.033     0.001    -0.006    -0.006     0.003    -0.003    -0.013     0.000
  12     0.002    -0.015    -0.015    -0.012     0.000     0.004    -0.004     0.002    -0.000
