   0     3.102    -0.114    -0.041     0.102    -0.049     0.005    -0.008     0.019    -0.000
   1    -0.343    -0.070    -0.130     0.108     0.150    -0.062    -0.045     0.016    -0.000
   2     0.646    -0.234    -0.004     0.066    -0.064     0.080     0.010    -0.030     0.000
   3    -0.558    -0.071     0.020     0.028     0.041     0.097    -0.031     0.063    -0.000
   4    -0.300     0.112    -0.047    -0.015     0.055    -0.008     0.007    -0.007     0.000
   5     0.147    -0.001    -0.049    -0.027     0.031     0.010     0.012    -0.009     0.000
   6     0.280     0.076    -0.028    -0.028    -0.021     0.033     0.001    -0.012    -0.000
   7    -0.087    -0.012    -0.015    -0.015     0.008    -0.022    -0.017    -0.010     0.000
   8    -0.011     0.054    -0.048    -0.018     0.004     0.009    -0.004    -0.022     0.000
   9    -0.009     0.001     0.020     0.015    -0.012    -0.004     0.000     0.014    -0.000
  10     0.009     0.006     0.013     0.015    -0.004     0.009    -0.013    -0.014     0.000
  11     0.028     0.005     0.013     0.000     0.004     0.003     0.009     0.002    -0.000
  12    -0.024    -0.015    -0.005    -0.017     0.002    -0.003    -0.003    -0.006     0.000
