   0    11.178     1.287     0.446    -0.291    -0.037    -0.121    -0.014     0.176    -0.000
   1    -0.545     0.963     0.511     0.968    -0.096    -0.130    -0.037    -0.091     0.000
   2     1.586     0.240     0.986     0.131     0.088    -0.080     0.139     0.016    -0.000
   3     0.019     0.603     0.347    -0.373     0.306    -0.005     0.018     0.094    -0.000
   4    -0.329    -0.043     0.121     0.116    -0.193    -0.227     0.045    -0.049     0.000
   5    -0.253    -0.034    -0.130     0.304     0.021     0.141    -0.007    -0.067     0.000
   6     0.245     0.100    -0.524     0.112     0.023    -0.083     0.019     0.053    -0.000
   7    -0.039    -0.133     0.203    -0.054     0.076    -0.002     0.078    -0.006     0.000
   8    -0.065     0.011     0.208     0.022    -0.084    -0.017    -0.020     0.011    -0.000
   9    -0.033    -0.092    -0.088     0.010     0.076    -0.006     0.011    -0.005     0.000
  10     0.022    -0.037    -0.011     0.043    -0.060     0.050    -0.004     0.022    -0.000
  11    -0.018    -0.015    -0.039    -0.013     0.029    -0.019    -0.010    -0.003     0.000
  12    -0.017    -0.039     0.041     0.011     0.018     0.008    -0.020     0.005    -0.000
