   0    10.916     0.350     0.673    -0.486     0.064     0.060    -0.069     0.143     0.000
   1     0.112     2.023     0.409     0.856     0.154    -0.105     0.012     0.022    -0.000
   2     1.792     0.069     1.009     0.176    -0.062     0.065     0.072    -0.009    -0.000
   3    -0.040     0.412     0.356    -0.336     0.291     0.104    -0.058    -0.004     0.000
   4    -0.341     0.050    -0.150     0.239    -0.240     0.019     0.115    -0.023    -0.000
   5    -0.339     0.069    -0.088     0.360     0.057     0.048    -0.027    -0.035     0.000
   6     0.344     0.088    -0.248     0.139     0.045    -0.008    -0.032     0.005    -0.000
   7    -0.030    -0.170     0.027    -0.068     0.047    -0.040     0.034    -0.033     0.000
   8     0.035     0.060     0.118     0.037    -0.062     0.045    -0.007     0.014    -0.000
   9    -0.090    -0.073    -0.043     0.053     0.066    -0.045     0.006    -0.001     0.000
  10     0.016    -0.009     0.075     0.014    -0.025     0.053    -0.014     0.002    -0.000
  11    -0.018    -0.033    -0.044    -0.028     0.031    -0.034    -0.004    -0.006     0.000
  12    -0.001    -0.014     0.013     0.008     0.023     0.007    -0.020     0.006    -0.000
