   0    10.985     1.716     0.031     0.028    -0.129    -0.101    -0.014     0.175     0.000
   1    -0.869     0.510     0.598     0.908    -0.207    -0.045    -0.109    -0.018    -0.000
   2     1.187     0.314     0.660     0.252     0.129    -0.066     0.141     0.061     0.000
   3     0.086     0.718     0.070    -0.284     0.195    -0.022     0.040     0.143    -0.000
   4    -0.325     0.052     0.311     0.065     0.012    -0.254     0.026    -0.063     0.000
   5    -0.281    -0.269    -0.128     0.147    -0.033     0.168     0.013    -0.062    -0.000
   6     0.176    -0.028    -0.644     0.138     0.029    -0.086     0.066     0.138     0.000
   7    -0.046    -0.088     0.283    -0.066     0.035     0.020     0.105     0.005    -0.000
   8    -0.090     0.003     0.248     0.033    -0.008    -0.025     0.010     0.030    -0.000
   9    -0.008    -0.068    -0.079    -0.058     0.045     0.026    -0.002    -0.028     0.000
  10     0.032    -0.065    -0.077     0.015    -0.041     0.029    -0.007     0.041    -0.000
  11    -0.020     0.029     0.009    -0.004     0.008    -0.003    -0.010    -0.009     0.000
  12    -0.021    -0.009     0.043    -0.002     0.012     0.003    -0.015    -0.001     0.000
