   0     8.743    -1.589     0.107     0.282     0.006     0.026    -0.078     0.133    -0.000
   1     1.945     1.338     0.287    -0.336     0.090    -0.024    -0.097     0.240    -0.000
   2     0.743    -0.305     0.143     0.147    -0.018    -0.071     0.140     0.056    -0.000
   3    -0.649     0.621     0.118     0.146    -0.025     0.101    -0.114     0.064    -0.000
   4    -0.888     0.044    -0.009     0.106     0.119     0.030     0.029    -0.117     0.000
   5     0.223     0.012    -0.038     0.257    -0.045     0.050     0.016     0.039    -0.000
   6    -0.048     0.001    -0.065     0.074    -0.037    -0.035     0.074     0.011     0.000
   7    -0.023     0.027    -0.074     0.097     0.049    -0.013    -0.005     0.019    -0.000
   8    -0.132     0.061     0.043    -0.014     0.047     0.030     0.019    -0.016     0.000
   9     0.018     0.053    -0.008     0.023     0.010     0.011     0.030     0.022    -0.000
  10     0.009    -0.036     0.024     0.007     0.004     0.048     0.016    -0.017     0.000
  11     0.040    -0.021    -0.004     0.023    -0.014     0.025    -0.009    -0.001    -0.000
  12    -0.031     0.015    -0.007    -0.014     0.016     0.006    -0.004     0.003    -0.000
