   0    10.558     1.829    -0.268     0.254    -0.138     0.071     0.006     0.168     0.000
   1    -0.669     0.889     0.566     0.864    -0.322     0.101    -0.203     0.071    -0.000
   2     0.738     0.524     0.309     0.277     0.062     0.046     0.063     0.143    -0.000
   3     0.272     1.044    -0.180    -0.044     0.142     0.107    -0.012     0.083     0.000
   4    -0.316     0.293     0.238     0.035     0.131    -0.097    -0.006    -0.062     0.000
   5    -0.316    -0.225    -0.026     0.099    -0.031     0.091    -0.008    -0.049     0.000
   6     0.168     0.062    -0.424     0.114    -0.002     0.008     0.092     0.190    -0.000
   7    -0.023    -0.048     0.212    -0.050    -0.004    -0.014     0.020    -0.016     0.000
   8    -0.040     0.046     0.260     0.093     0.076     0.033     0.049     0.033    -0.000
   9    -0.033    -0.062    -0.056    -0.092     0.037     0.008    -0.012    -0.042     0.000
  10     0.027    -0.042    -0.039    -0.006    -0.002    -0.004    -0.017     0.026    -0.000
  11    -0.025     0.006     0.026    -0.023    -0.002    -0.008    -0.015    -0.011     0.000
  12    -0.009     0.003     0.019    -0.013     0.006    -0.019     0.003    -0.010     0.000
