   0     2.488    -0.108    -0.001     0.073    -0.092     0.007     0.012     0.009    -0.000
   1    -0.265    -0.028    -0.075     0.043     0.109    -0.039     0.016     0.027    -0.000
   2     0.530    -0.245     0.035     0.119    -0.045     0.062     0.004     0.006    -0.000
   3    -0.435    -0.063     0.059     0.013     0.004     0.084    -0.008     0.057    -0.000
   4    -0.173     0.041    -0.017    -0.017     0.078    -0.009     0.020     0.002     0.000
   5     0.117    -0.004    -0.023    -0.031     0.018     0.009     0.026    -0.009     0.000
   6     0.246     0.036    -0.007    -0.018    -0.033     0.015     0.005    -0.003     0.000
   7    -0.070    -0.012    -0.008    -0.007    -0.002    -0.015    -0.006    -0.007     0.000
   8    -0.011     0.042    -0.042    -0.021     0.006     0.003     0.004    -0.012     0.000
   9    -0.006    -0.010     0.011     0.014    -0.016    -0.006    -0.003     0.007    -0.000
  10     0.011    -0.007     0.012     0.012    -0.006     0.002    -0.014    -0.010     0.000
  11     0.021     0.001     0.006    -0.004     0.006     0.003     0.007    -0.001    -0.000
  12    -0.009    -0.016     0.005    -0.011     0.000    -0.006    -0.003    -0.004     0.000
