   0    10.187     1.745    -0.350     0.332    -0.047     0.073     0.119     0.057    -0.000
   1    -0.266     1.161     0.526     0.771    -0.460    -0.009    -0.135    -0.090     0.000
   2     0.360     0.698     0.025     0.121     0.027     0.015     0.004     0.145    -0.000
   3     0.459     1.390    -0.169     0.142     0.252     0.163    -0.011    -0.114     0.000
   4    -0.319     0.480    -0.016    -0.115     0.191    -0.051    -0.045    -0.126     0.000
   5    -0.252     0.011     0.126     0.148     0.029    -0.020    -0.030    -0.117     0.000
   6     0.131     0.190    -0.229    -0.010    -0.041     0.042     0.107     0.109    -0.000
   7     0.028     0.035     0.146    -0.018     0.027    -0.029    -0.090    -0.047     0.000
   8     0.024     0.073     0.234     0.120     0.158     0.061     0.048    -0.023    -0.000
   9    -0.042    -0.074    -0.043    -0.063     0.060    -0.007    -0.019    -0.043     0.000
  10     0.022    -0.007     0.022    -0.015    -0.002    -0.025    -0.017    -0.018     0.000
  11    -0.025    -0.029     0.019    -0.017     0.004    -0.010    -0.022    -0.001     0.000
  12     0.017    -0.010    -0.008    -0.009    -0.004    -0.034     0.014    -0.016     0.000
