   0     1.812    -0.102     0.032     0.044    -0.099     0.018     0.006    -0.011    -0.000
   1    -0.159    -0.047    -0.052    -0.004     0.138     0.016     0.019     0.016     0.000
   2     0.390    -0.172     0.052     0.130    -0.047     0.068    -0.010     0.025    -0.000
   3    -0.267    -0.082     0.051     0.004    -0.023     0.051    -0.001     0.040    -0.000
   4    -0.070     0.011     0.013    -0.031     0.096     0.018     0.012    -0.002     0.000
   5     0.075    -0.018    -0.011    -0.014     0.027     0.012     0.027    -0.006     0.000
   6     0.184     0.015     0.028    -0.012    -0.055     0.003     0.006     0.001    -0.000
   7    -0.056    -0.015    -0.014     0.002    -0.000    -0.010     0.000    -0.006     0.000
   8    -0.018     0.036    -0.021    -0.025     0.016     0.001     0.005    -0.002     0.000
   9    -0.009    -0.004     0.000     0.010    -0.021    -0.007     0.000     0.001    -0.000
  10     0.012    -0.010     0.010     0.008    -0.004    -0.006    -0.006    -0.002    -0.000
  11     0.012     0.005    -0.001    -0.008     0.000     0.003     0.005    -0.002     0.000
  12    -0.003    -0.012     0.006    -0.006     0.002    -0.002    -0.002    -0.004     0.000
