   0     7.686    -1.608    -0.029     0.301     0.004     0.055    -0.035     0.108     0.000
   1     1.735     0.315     0.178    -0.259    -0.004     0.107    -0.033     0.129    -0.000
   2     0.481    -0.101     0.099    -0.024    -0.103    -0.059     0.091     0.094    -0.000
   3    -0.986     0.607     0.045    -0.086    -0.111     0.186    -0.008     0.045     0.000
   4    -0.953    -0.169     0.073     0.098    -0.000    -0.005    -0.031    -0.079     0.000
   5     0.293     0.021    -0.048     0.149    -0.074     0.042     0.041     0.021    -0.000
   6    -0.027     0.047    -0.098     0.028    -0.125    -0.051     0.036     0.052    -0.000
   7    -0.005     0.022    -0.020     0.049    -0.025    -0.031     0.009     0.008     0.000
   8    -0.117     0.059    -0.003    -0.010     0.035     0.006    -0.018     0.000     0.000
   9     0.069     0.063     0.023    -0.025     0.014    -0.001     0.031     0.022    -0.000
  10     0.005    -0.000    -0.001     0.017     0.012     0.027    -0.013    -0.003     0.000
  11     0.038    -0.016     0.027     0.005    -0.008     0.034    -0.004    -0.014     0.000
  12    -0.003     0.004    -0.015    -0.019     0.018     0.000    -0.010    -0.000     0.000
