   0     3.643    -0.211    -0.075     0.137    -0.008    -0.001    -0.040     0.025    -0.000
   1    -0.296    -0.210    -0.165     0.180     0.195    -0.070    -0.103     0.013     0.000
   2     0.681    -0.124    -0.039     0.005    -0.096     0.118     0.015    -0.059     0.000
   3    -0.626    -0.143    -0.026     0.077     0.066     0.085    -0.046     0.074    -0.000
   4    -0.462     0.221    -0.060    -0.035     0.027     0.006     0.002    -0.013     0.000
   5     0.158    -0.017    -0.048    -0.006     0.035     0.005     0.003     0.000    -0.000
   6     0.273     0.108    -0.041    -0.046    -0.014     0.047    -0.002    -0.016     0.000
   7    -0.093    -0.020    -0.014    -0.007     0.014    -0.029    -0.015    -0.005     0.000
   8    -0.005     0.065    -0.035    -0.033     0.004     0.021    -0.004    -0.030     0.000
   9    -0.009     0.005     0.028     0.015    -0.012    -0.006    -0.001     0.023    -0.000
  10     0.010     0.012     0.021     0.006    -0.006     0.015    -0.012    -0.019     0.000
  11     0.026     0.002     0.018    -0.006     0.000     0.002     0.006     0.005    -0.000
  12    -0.034    -0.009    -0.012    -0.019    -0.004     0.003    -0.001    -0.008     0.000
