   0     6.639    -1.342    -0.090     0.290     0.021     0.076    -0.025     0.060    -0.000
   1     1.288    -0.271     0.117    -0.194    -0.039     0.131    -0.008     0.001    -0.000
   2     0.436     0.005     0.064    -0.121    -0.172     0.035     0.065     0.052    -0.000
   3    -1.214     0.465     0.030    -0.167    -0.109     0.206     0.014     0.002     0.000
   4    -1.002    -0.157     0.010     0.030    -0.074    -0.024    -0.047    -0.015    -0.000
   5     0.329     0.026    -0.056     0.021    -0.060     0.015     0.026     0.006    -0.000
   6     0.080     0.057    -0.136     0.008    -0.168    -0.038    -0.008     0.085    -0.000
   7    -0.040     0.016    -0.017     0.020    -0.033    -0.044    -0.011     0.003     0.000
   8    -0.020     0.077    -0.046    -0.014     0.018    -0.014    -0.021     0.032    -0.000
   9     0.076     0.031     0.012    -0.033     0.023    -0.008     0.008     0.029    -0.000
  10    -0.012     0.052    -0.004     0.023     0.014     0.014    -0.022     0.001    -0.000
  11     0.013    -0.013     0.023     0.001     0.004     0.032    -0.007    -0.006     0.000
  12     0.022    -0.007    -0.016    -0.019     0.010    -0.002    -0.001    -0.000     0.000
