   0    10.054     1.654    -0.344     0.338     0.010     0.012     0.195    -0.025    -0.000
   1    -0.089     1.154     0.526     0.725    -0.509    -0.136    -0.036    -0.210     0.000
   2     0.210     0.729    -0.093     0.037     0.037    -0.048    -0.005     0.116    -0.000
   3     0.515     1.490    -0.108     0.180     0.330     0.149     0.029    -0.233     0.000
   4    -0.322     0.532    -0.138    -0.201     0.222    -0.082    -0.047    -0.175     0.000
   5    -0.204     0.114     0.192     0.167     0.064    -0.065    -0.031    -0.173     0.000
   6     0.098     0.210    -0.196    -0.073    -0.049     0.033     0.117     0.046    -0.000
   7     0.044     0.086     0.137    -0.013     0.057    -0.024    -0.127    -0.065     0.000
   8     0.055     0.083     0.219     0.124     0.189     0.060     0.038    -0.054     0.000
   9    -0.041    -0.079    -0.031    -0.046     0.070    -0.003    -0.024    -0.052     0.000
  10     0.023     0.007     0.049    -0.024    -0.008    -0.032    -0.015    -0.032     0.000
  11    -0.026    -0.039     0.016    -0.011     0.004    -0.013    -0.024     0.007    -0.000
  12     0.029    -0.007    -0.017    -0.005    -0.008    -0.032     0.011    -0.010     0.000
