   0     9.571    -1.663     0.393    -0.142    -0.148     0.116    -0.033    -0.043    -0.000
   1     1.471     2.073     0.281    -0.409     0.086    -0.150    -0.101     0.132     0.000
   2     0.919    -0.211     0.403     0.083    -0.162    -0.093     0.084     0.095    -0.000
   3    -0.702     0.525     0.219    -0.025    -0.265     0.120     0.031    -0.005    -0.000
   4    -0.871     0.068    -0.350     0.031     0.082    -0.090     0.005     0.002     0.000
   5     0.192     0.111    -0.155     0.081     0.125     0.213    -0.087    -0.022     0.000
   6    -0.156     0.146     0.002    -0.051    -0.172     0.030     0.017    -0.043     0.000
   7    -0.127     0.103    -0.090     0.094    -0.027     0.081     0.013     0.067    -0.000
   8    -0.072    -0.062    -0.037    -0.008     0.062    -0.051    -0.015    -0.037     0.000
   9    -0.018     0.056     0.007     0.037     0.029     0.042     0.027     0.059    -0.000
  10    -0.001    -0.046     0.032     0.014    -0.062    -0.008    -0.026    -0.006    -0.000
  11     0.026     0.033     0.014     0.022    -0.004     0.040     0.013     0.006    -0.000
  12    -0.000    -0.024    -0.013     0.051     0.027    -0.023    -0.012    -0.002     0.000
