   0     2.621    -0.174     0.070     0.028    -0.113    -0.088     0.027    -0.007     0.000
   1    -0.146    -0.107     0.076     0.150     0.062    -0.103    -0.064    -0.019    -0.000
   2     0.615    -0.171     0.088    -0.061    -0.041     0.048     0.004    -0.013    -0.000
   3    -0.422    -0.011     0.073     0.031    -0.055     0.008     0.007    -0.004    -0.000
   4    -0.136    -0.018    -0.049     0.019     0.037     0.019     0.015    -0.013     0.000
   5     0.099     0.025    -0.043    -0.035     0.000     0.012    -0.003    -0.010     0.000
   6     0.110     0.083     0.044    -0.029    -0.021     0.001    -0.002    -0.022     0.000
   7    -0.076    -0.068     0.020     0.010    -0.025     0.004     0.013    -0.010     0.000
   8     0.032     0.022    -0.037     0.025     0.033    -0.008     0.007    -0.019     0.000
   9    -0.035    -0.005    -0.002     0.012    -0.012    -0.003    -0.008    -0.009     0.000
  10     0.001     0.006     0.001    -0.005    -0.023    -0.021    -0.003    -0.002     0.000
  11     0.050     0.021    -0.021     0.011     0.014     0.003    -0.002     0.002     0.000
  12    -0.001     0.003     0.013     0.006    -0.012     0.002    -0.004     0.008    -0.000
