   0     7.497    -1.688    -0.014     0.173    -0.166     0.017     0.025    -0.019     0.000
   1     1.320    -0.084     0.104    -0.417    -0.339     0.093    -0.080    -0.072     0.000
   2     0.346     0.412     0.154    -0.212     0.074     0.055    -0.021     0.121    -0.000
   3    -1.270     0.598    -0.162    -0.276    -0.269     0.181     0.047    -0.026     0.000
   4    -0.876    -0.191    -0.024     0.089     0.070     0.008    -0.082     0.043    -0.000
   5     0.327     0.060    -0.024    -0.028    -0.117     0.060     0.000    -0.038     0.000
   6    -0.115     0.364    -0.086    -0.063     0.002     0.012    -0.035    -0.040     0.000
   7     0.034     0.046    -0.064     0.027    -0.004    -0.014    -0.011     0.016    -0.000
   8     0.001    -0.080    -0.003     0.020     0.072    -0.074    -0.040    -0.041     0.000
   9     0.024     0.059     0.036     0.023    -0.021    -0.010     0.012     0.029    -0.000
  10    -0.011    -0.035    -0.065     0.039    -0.033    -0.028     0.017     0.020    -0.000
  11     0.040    -0.003     0.034     0.023     0.002    -0.004     0.020     0.011    -0.000
  12     0.011    -0.040    -0.017     0.003    -0.014    -0.025    -0.005     0.011    -0.000
