   0    10.532    -1.200     0.648    -0.446    -0.187     0.248    -0.101    -0.057     0.000
   1     1.165     2.863     0.441     0.134    -0.142    -0.221     0.059     0.076    -0.000
   2     1.351    -0.424     0.561    -0.029    -0.154    -0.039     0.028    -0.037    -0.000
   3    -0.365     0.405     0.464    -0.133    -0.326     0.201     0.007    -0.008    -0.000
   4    -0.914     0.146    -0.352    -0.035    -0.103    -0.083     0.064    -0.043     0.000
   5    -0.004     0.143    -0.097     0.287     0.090     0.242    -0.083     0.050    -0.000
   6    -0.033    -0.034    -0.075    -0.148    -0.033     0.053    -0.075    -0.067     0.000
   7    -0.182     0.090    -0.021     0.137    -0.033     0.098     0.027     0.151    -0.000
   8    -0.119    -0.012    -0.048    -0.080    -0.070    -0.031     0.009    -0.064     0.000
   9    -0.091     0.033     0.041     0.067     0.068     0.079     0.024     0.085    -0.000
  10    -0.038    -0.033     0.011    -0.072    -0.037    -0.032    -0.056    -0.017     0.000
  11     0.021     0.065     0.002     0.039     0.004     0.039    -0.002     0.036    -0.000
  12    -0.009    -0.009    -0.011     0.039     0.016    -0.020     0.003    -0.008     0.000
