   0    11.737     2.210    -0.110    -0.083    -0.066    -0.427     0.091    -0.036     0.000
   1    -1.060    -0.031     1.099    -0.207    -0.084    -0.544     0.113    -0.115     0.000
   2     0.497     0.049     0.503     0.044     0.279     0.019     0.078    -0.032    -0.000
   3     0.548     1.282    -0.053    -0.280    -0.033    -0.243     0.196    -0.031     0.000
   4    -0.353    -0.326     0.402    -0.096     0.287     0.047    -0.052    -0.119     0.000
   5    -0.244     0.206    -0.132    -0.181    -0.133     0.135    -0.031    -0.073     0.000
   6    -0.170     0.098    -0.497    -0.311     0.144     0.142    -0.175    -0.038     0.000
   7     0.055     0.064     0.057     0.060    -0.121    -0.026    -0.045     0.041    -0.000
   8    -0.032     0.028     0.180     0.011     0.117    -0.051    -0.095     0.047     0.000
   9    -0.004    -0.063    -0.099    -0.049    -0.090    -0.033    -0.015     0.021     0.000
  10     0.009    -0.071     0.033     0.089    -0.070    -0.025    -0.067     0.051    -0.000
  11     0.019     0.014    -0.041     0.008    -0.027    -0.020     0.007     0.005    -0.000
  12     0.011     0.014     0.004     0.041    -0.027     0.048    -0.010     0.051    -0.000
