   0     5.719    -0.851     0.022     0.121    -0.016     0.066    -0.033    -0.082     0.000
   1     0.392    -0.682     0.113    -0.169    -0.078     0.152    -0.061     0.066    -0.000
   2     0.392     0.375     0.110    -0.255    -0.057     0.034    -0.015     0.014     0.000
   3    -1.400     0.307    -0.057    -0.281    -0.121     0.081    -0.041    -0.032     0.000
   4    -1.081    -0.060     0.004     0.023    -0.090    -0.067    -0.070     0.011    -0.000
   5     0.197     0.110    -0.025    -0.144     0.041     0.015    -0.042     0.074    -0.000
   6     0.075     0.165     0.027     0.033    -0.025    -0.012    -0.036    -0.077     0.000
   7    -0.056     0.082     0.006    -0.040     0.006    -0.047    -0.047     0.022    -0.000
   8     0.039    -0.116     0.023     0.013     0.023    -0.026    -0.013    -0.033     0.000
   9    -0.033     0.014     0.065    -0.004    -0.012    -0.022    -0.007     0.032    -0.000
  10    -0.003    -0.048    -0.019     0.041    -0.012    -0.032     0.013     0.019    -0.000
  11     0.045    -0.003     0.020     0.020     0.004    -0.024     0.000     0.017    -0.000
  12     0.004    -0.044     0.006    -0.000    -0.006    -0.009    -0.002     0.005     0.000
