   0     3.886    -0.290    -0.075     0.086     0.088    -0.020     0.016    -0.032     0.000
   1    -0.030    -0.272    -0.088     0.152     0.008     0.035     0.036    -0.021    -0.000
   2     0.641    -0.012     0.150    -0.105    -0.045     0.032    -0.024    -0.029     0.000
   3    -0.594    -0.069     0.024     0.065     0.043     0.029    -0.032    -0.001     0.000
   4    -0.494     0.113    -0.122    -0.007    -0.025    -0.032    -0.040    -0.008     0.000
   5     0.172     0.046    -0.111    -0.059     0.012     0.053     0.011    -0.041     0.000
   6     0.097     0.130     0.057    -0.025     0.000    -0.030    -0.006     0.010    -0.000
   7    -0.081    -0.083     0.011     0.006     0.004     0.007    -0.012    -0.035     0.000
   8     0.031    -0.001    -0.051     0.068     0.037    -0.014    -0.002     0.010    -0.000
   9    -0.028    -0.020     0.006    -0.004    -0.008     0.000    -0.009    -0.024     0.000
  10    -0.014     0.026     0.004     0.012    -0.006    -0.021    -0.000     0.020    -0.000
  11     0.063     0.009    -0.012     0.013     0.008     0.011     0.008    -0.010     0.000
  12    -0.021     0.021     0.008     0.019     0.004     0.009    -0.001     0.012    -0.000
