   0    12.183     2.222     0.153    -0.272     0.218    -0.642     0.010    -0.083     0.000
   1    -1.041     0.350     1.068    -0.019     0.006    -0.549    -0.094    -0.119     0.000
   2     0.947     0.276     0.808    -0.043     0.308    -0.028     0.049    -0.145     0.000
   3     0.334     1.078     0.161    -0.392     0.281    -0.432     0.066    -0.087     0.000
   4    -0.274    -0.209     0.503    -0.195     0.109    -0.026    -0.055    -0.076     0.000
   5    -0.101     0.261    -0.319    -0.015    -0.076     0.060    -0.171    -0.122     0.000
   6    -0.110     0.167    -0.584    -0.344     0.199     0.113    -0.192    -0.084     0.000
   7    -0.019     0.085     0.180     0.098     0.031    -0.004    -0.042    -0.005    -0.000
   8    -0.022     0.126     0.275    -0.088     0.125     0.037    -0.131     0.026     0.000
   9    -0.011    -0.078    -0.107     0.016    -0.047    -0.005     0.011     0.001     0.000
  10     0.068    -0.029     0.027     0.094    -0.047    -0.007    -0.065     0.074    -0.000
  11     0.009     0.038    -0.054     0.030    -0.008    -0.029     0.027    -0.010     0.000
  12     0.021     0.000     0.030     0.033     0.014     0.048     0.004     0.055    -0.000
