   0     4.466    -0.412    -0.152     0.072     0.193     0.017    -0.038    -0.033     0.000
   1     0.130    -0.452    -0.185     0.135     0.115     0.041    -0.034     0.056    -0.000
   2     0.571     0.148     0.180    -0.111    -0.072     0.038    -0.023    -0.018    -0.000
   3    -0.727    -0.067    -0.070    -0.012     0.119     0.023    -0.075     0.033     0.000
   4    -0.773     0.130    -0.077    -0.015    -0.055    -0.037    -0.054    -0.009     0.000
   5     0.215     0.042    -0.138    -0.067     0.076     0.053    -0.022    -0.006     0.000
   6     0.101     0.129     0.085     0.008    -0.014    -0.020    -0.010    -0.014     0.000
   7    -0.074    -0.061    -0.006    -0.015     0.033     0.009    -0.032    -0.025     0.000
   8     0.023    -0.041    -0.028     0.076     0.027    -0.016     0.003     0.005    -0.000
   9    -0.019    -0.017     0.011    -0.017     0.002     0.004    -0.005    -0.018     0.000
  10    -0.009     0.013     0.013     0.035    -0.008    -0.018     0.009     0.027    -0.000
  11     0.061    -0.002    -0.002     0.012     0.006     0.005     0.008    -0.009     0.000
  12    -0.021     0.012     0.005     0.021     0.006     0.006     0.003     0.006    -0.000
