   0     5.055    -0.593    -0.061     0.088     0.133     0.033    -0.069    -0.062     0.000
   1     0.209    -0.635    -0.059     0.003     0.115     0.076    -0.099     0.086    -0.000
   2     0.486     0.270     0.133    -0.181    -0.080     0.029    -0.019    -0.006     0.000
   3    -1.084     0.061    -0.050    -0.130     0.033     0.022    -0.087     0.018     0.000
   4    -1.022     0.063    -0.057    -0.041    -0.070    -0.048    -0.070    -0.016    -0.000
   5     0.215     0.083    -0.090    -0.123     0.090     0.051    -0.057     0.035     0.000
   6     0.109     0.134     0.062     0.020    -0.014    -0.007    -0.035    -0.055     0.000
   7    -0.068     0.005     0.013    -0.040     0.027    -0.004    -0.051    -0.005     0.000
   8     0.035    -0.092    -0.020     0.051     0.027    -0.019    -0.007    -0.011     0.000
   9    -0.023     0.002     0.040    -0.025     0.000     0.001    -0.008     0.006     0.000
  10     0.000    -0.012    -0.002     0.047    -0.002    -0.024     0.008     0.028    -0.000
  11     0.058    -0.003     0.011     0.014     0.002    -0.004     0.004     0.004    -0.000
  12    -0.010    -0.008     0.003     0.012     0.004    -0.001     0.002     0.004    -0.000
