   0    12.281     0.828     0.769    -0.708     0.131    -0.463    -0.081    -0.039    -0.000
   1     0.172     2.007     1.056     0.905    -0.275    -0.661     0.005    -0.309     0.000
   2     1.818     0.218     1.127     0.066     0.127    -0.288    -0.064    -0.202     0.000
   3     0.083     0.727     0.553    -0.805     0.162    -0.276     0.051    -0.111     0.000
   4    -0.350    -0.182     0.018     0.117    -0.369    -0.289    -0.039    -0.180     0.000
   5    -0.086     0.287    -0.148     0.460     0.127     0.181    -0.076    -0.012    -0.000
   6     0.293     0.201    -0.178     0.042     0.341    -0.050    -0.030    -0.088     0.000
   7    -0.195    -0.047     0.096    -0.092     0.043     0.038     0.042     0.049    -0.000
   8    -0.034     0.067     0.258    -0.085     0.004    -0.059    -0.028    -0.099     0.000
   9    -0.160    -0.096    -0.051     0.089    -0.014     0.141     0.058     0.039    -0.000
  10     0.035    -0.083     0.091    -0.025     0.053    -0.079     0.029     0.003    -0.000
  11    -0.027     0.004    -0.097     0.001    -0.029     0.021     0.015     0.029    -0.000
  12    -0.003    -0.029     0.045    -0.027    -0.002    -0.013     0.039     0.012    -0.000
