   0    11.309     2.288    -0.598    -0.076    -0.427    -0.086    -0.100     0.034    -0.000
   1    -0.521     0.279     0.637    -0.358    -0.298    -0.919    -0.001    -0.255     0.000
   2     0.229    -0.139     0.082     0.341     0.144     0.202     0.200     0.240    -0.000
   3     0.561     1.949    -0.374    -0.323    -0.406     0.069    -0.172    -0.199     0.000
   4    -0.469    -0.680    -0.115     0.306     0.129     0.333    -0.042    -0.016    -0.000
   5    -0.390     0.452     0.084    -0.208    -0.047     0.056    -0.134    -0.122     0.000
   6     0.067     0.012    -0.512     0.040    -0.084     0.349     0.043     0.147    -0.000
   7    -0.019     0.100     0.029    -0.025    -0.236    -0.066    -0.183    -0.028     0.000
   8     0.059    -0.212     0.037     0.295    -0.033    -0.006     0.056     0.103    -0.000
   9    -0.067    -0.040     0.044    -0.029    -0.090    -0.072     0.020     0.014    -0.000
  10    -0.005    -0.081     0.008     0.078    -0.115    -0.022     0.031     0.000    -0.000
  11    -0.001    -0.019     0.003    -0.053     0.014    -0.038     0.027     0.005     0.000
  12     0.002     0.027     0.040     0.010    -0.031    -0.002     0.020    -0.026     0.000
