   0     8.537    -1.859     0.092     0.086    -0.138    -0.021    -0.005     0.010    -0.000
   1     1.533     0.894     0.175    -0.571    -0.131    -0.025    -0.143     0.008     0.000
   2     0.575     0.158     0.262    -0.033    -0.021    -0.038     0.032     0.145    -0.000
   3    -1.049     0.600    -0.062    -0.139    -0.261     0.093     0.012    -0.004    -0.000
   4    -0.792    -0.093    -0.193     0.070     0.144    -0.017    -0.068     0.028    -0.000
   5     0.298     0.068    -0.080    -0.050    -0.035     0.156    -0.066    -0.092     0.000
   6    -0.171     0.349    -0.016    -0.063    -0.103     0.035     0.024    -0.052    -0.000
   7    -0.032     0.033    -0.113     0.032    -0.014     0.038    -0.021     0.006    -0.000
   8    -0.014    -0.084    -0.015     0.025     0.096    -0.068    -0.032    -0.036     0.000
   9     0.022     0.059     0.016     0.009    -0.010     0.019     0.023     0.034    -0.000
  10     0.005    -0.033    -0.012     0.049    -0.053    -0.013     0.008     0.009     0.000
  11     0.030    -0.001     0.028     0.009    -0.004     0.031     0.022    -0.003    -0.000
  12     0.006    -0.029    -0.017     0.030    -0.000    -0.029    -0.011     0.009    -0.000
