   0     1.935    -0.107     0.028     0.035    -0.138    -0.052     0.037    -0.063     0.000
   1    -0.066    -0.014     0.043     0.154     0.057    -0.067    -0.127     0.016     0.000
   2     0.469    -0.142     0.010    -0.014    -0.037     0.045     0.029    -0.000    -0.000
   3    -0.263     0.053    -0.001     0.010    -0.039    -0.007     0.025    -0.021     0.000
   4    -0.046     0.008    -0.001     0.056     0.070     0.055     0.018     0.013    -0.000
   5     0.050     0.005    -0.026    -0.025     0.004     0.003    -0.023     0.008    -0.000
   6     0.096     0.071    -0.003    -0.016    -0.039     0.023     0.017    -0.039     0.000
   7    -0.063    -0.047     0.014     0.002    -0.018     0.002     0.015    -0.004    -0.000
   8     0.026     0.036    -0.003     0.013     0.027     0.008     0.004    -0.026     0.000
   9    -0.024    -0.019     0.000     0.010    -0.016    -0.004     0.000    -0.012     0.000
  10     0.007     0.000    -0.005    -0.000    -0.025    -0.013     0.003    -0.007     0.000
  11     0.035     0.005    -0.011     0.010     0.010    -0.003    -0.004     0.002    -0.000
  12     0.002    -0.002     0.008     0.006    -0.010    -0.008    -0.007     0.004    -0.000
