   0     3.272    -0.220     0.052     0.062    -0.047    -0.069     0.035    -0.015     0.000
   1    -0.154    -0.175     0.037     0.133     0.008    -0.036     0.015    -0.042     0.000
   2     0.677    -0.142     0.114    -0.097    -0.035     0.033    -0.020    -0.031     0.000
   3    -0.542    -0.049     0.104     0.067    -0.045     0.022    -0.007    -0.014     0.000
   4    -0.279     0.027    -0.114    -0.005     0.010    -0.016    -0.016    -0.019     0.000
   5     0.138     0.042    -0.072    -0.053    -0.008     0.032     0.012    -0.032     0.000
   6     0.110     0.102     0.053    -0.038     0.004    -0.022    -0.013    -0.001    -0.000
   7    -0.084    -0.085     0.027     0.016    -0.023     0.009     0.002    -0.027     0.000
   8     0.038     0.011    -0.055     0.047     0.039    -0.013    -0.002    -0.004     0.000
   9    -0.033    -0.011     0.009     0.004    -0.012    -0.003    -0.010    -0.015     0.000
  10    -0.005     0.017     0.001    -0.005    -0.016    -0.025    -0.005     0.008    -0.000
  11     0.059     0.020    -0.016     0.015     0.012     0.009     0.002    -0.001     0.000
  12    -0.006     0.015     0.011     0.011    -0.004     0.010    -0.003     0.012    -0.000
