   0    12.475     1.846     0.494    -0.536     0.330    -0.694    -0.058    -0.108     0.000
   1    -0.547     1.174     1.095     0.403    -0.002    -0.695    -0.143    -0.242     0.000
   2     1.477     0.420     1.072     0.066     0.240    -0.149     0.006    -0.173     0.000
   3     0.123     1.006     0.373    -0.697     0.439    -0.489     0.017    -0.184     0.000
   4    -0.243    -0.224     0.294    -0.005    -0.226    -0.141    -0.061    -0.086     0.000
   5    -0.023     0.360    -0.348     0.257     0.113     0.059    -0.152    -0.109     0.000
   6     0.132     0.271    -0.434    -0.063     0.259     0.046    -0.092    -0.067     0.000
   7    -0.120     0.042     0.162    -0.011     0.109    -0.006     0.006    -0.028     0.000
   8    -0.007     0.114     0.345    -0.082     0.111     0.045    -0.100    -0.036     0.000
   9    -0.081    -0.103    -0.088     0.089    -0.037     0.076     0.059     0.005    -0.000
  10     0.094    -0.045     0.071     0.062     0.018    -0.037    -0.000     0.057    -0.000
  11    -0.010     0.023    -0.092     0.008    -0.012    -0.016     0.034    -0.000     0.000
  12     0.014    -0.019     0.071    -0.004     0.039     0.017     0.031     0.023    -0.000
