   0    11.407     2.240    -0.428    -0.058    -0.324    -0.181    -0.002     0.006     0.000
   1    -0.719     0.125     0.850    -0.323    -0.218    -0.771     0.093    -0.206     0.000
   2     0.276    -0.091     0.210     0.254     0.189     0.139     0.156     0.155    -0.000
   3     0.578     1.719    -0.276    -0.317    -0.298    -0.033     0.016    -0.137     0.000
   4    -0.436    -0.562     0.056     0.187     0.207     0.235    -0.048    -0.059     0.000
   5    -0.355     0.343     0.024    -0.221    -0.070     0.099    -0.057    -0.093     0.000
   6    -0.025     0.048    -0.470    -0.064    -0.000     0.272    -0.037     0.090    -0.000
   7     0.024     0.077     0.005    -0.012    -0.216    -0.063    -0.117     0.009     0.000
   8     0.018    -0.137     0.084     0.203     0.033    -0.037     0.002     0.080    -0.000
   9    -0.045    -0.053    -0.015    -0.047    -0.101    -0.056     0.003     0.023    -0.000
  10    -0.010    -0.087     0.024     0.082    -0.094    -0.031    -0.003     0.017    -0.000
  11     0.007    -0.015    -0.016    -0.036    -0.010    -0.030     0.018     0.012    -0.000
  12     0.003     0.023     0.026     0.023    -0.031     0.018     0.008     0.001    -0.000
