   0     6.534    -1.252     0.011     0.153    -0.138     0.092     0.026    -0.067     0.000
   1     0.859    -0.572     0.119    -0.264    -0.283     0.162    -0.035    -0.001    -0.000
   2     0.308     0.461     0.126    -0.270     0.016     0.065    -0.021     0.067    -0.000
   3    -1.408     0.507    -0.123    -0.355    -0.224     0.183     0.035    -0.050     0.000
   4    -0.998    -0.169     0.046     0.109    -0.047    -0.043    -0.064     0.043    -0.000
   5     0.256     0.075    -0.016    -0.058    -0.039    -0.015    -0.001     0.058    -0.000
   6    -0.011     0.243    -0.034     0.016    -0.006    -0.020    -0.038    -0.046     0.000
   7    -0.004     0.096    -0.014    -0.009    -0.002    -0.060    -0.015     0.036    -0.000
   8     0.014    -0.094     0.041     0.015     0.037    -0.054    -0.023    -0.040     0.000
   9    -0.013     0.029     0.059     0.024    -0.021    -0.039     0.001     0.036    -0.000
  10    -0.014    -0.051    -0.047     0.034    -0.025    -0.030     0.022     0.018    -0.000
  11     0.042    -0.003     0.019     0.024     0.008    -0.034     0.010     0.019    -0.000
  12     0.007    -0.056    -0.000    -0.003    -0.014    -0.017    -0.007     0.008    -0.000
