   0    11.506    -0.366     0.772    -0.685    -0.127     0.009    -0.133    -0.003    -0.000
   1     0.765     2.729     0.727     0.793    -0.456    -0.401     0.103    -0.161     0.000
   2     1.746    -0.213     0.861    -0.066    -0.021    -0.148    -0.058    -0.157     0.000
   3    -0.061     0.428     0.575    -0.512    -0.246     0.069    -0.020    -0.024    -0.000
   4    -0.661     0.019    -0.210     0.032    -0.277    -0.170     0.034    -0.134     0.000
   5    -0.148     0.163    -0.016     0.436     0.021     0.237    -0.106     0.047    -0.000
   6     0.197     0.008    -0.100    -0.110     0.228     0.011    -0.070    -0.100     0.000
   7    -0.218    -0.030     0.059     0.016    -0.029     0.089     0.014     0.144    -0.000
   8    -0.090     0.032     0.053    -0.106    -0.125    -0.058     0.016    -0.094     0.000
   9    -0.173    -0.039     0.030     0.070     0.049     0.119     0.029     0.081    -0.000
  10    -0.037    -0.051     0.033    -0.089     0.008    -0.066    -0.022    -0.029     0.000
  11    -0.010     0.039    -0.034     0.026    -0.006     0.037    -0.007     0.050    -0.000
  12    -0.009    -0.010    -0.003    -0.001    -0.018    -0.023     0.027     0.003    -0.000
