    -1.553     0.929    -1.362    -0.260     0.443     0.033    -0.051    -0.024     0.020     0.014     0.025    -0.081    -0.002    -0.011     0.018    -0.052    -0.000
    -2.318     1.213    -3.453    -0.235     0.950     0.076    -0.042    -0.069     0.010    -0.009    -0.001    -0.108     0.004     0.008     0.007     0.015     0.000
    -1.452     0.372    -4.011     0.027     0.858     0.084    -0.026    -0.044    -0.067    -0.055    -0.047    -0.055    -0.005     0.026    -0.009     0.100     0.000
    -0.344     0.241    -3.064     0.058     0.391     0.134    -0.016     0.013    -0.075    -0.032    -0.047     0.006    -0.014     0.028     0.003     0.053     0.000
     0.331     0.402    -1.493     0.000    -0.140     0.060     0.098     0.030    -0.020    -0.009    -0.045     0.025    -0.004     0.050     0.021     0.014     0.000
     0.285     0.256    -0.238    -0.016    -0.412     0.003     0.148     0.030     0.029     0.014    -0.038     0.007     0.012     0.039     0.017     0.007    -0.000
     0.085     0.028     0.283     0.013    -0.314     0.007     0.034     0.041     0.055     0.012     0.013     0.018     0.018    -0.012     0.008     0.004    -0.000
    -0.093    -0.058     0.341     0.043    -0.067    -0.037    -0.077     0.039     0.049    -0.012     0.002     0.022     0.019    -0.015     0.005     0.003    -0.000
    -0.053    -0.034     0.286     0.012     0.078    -0.013    -0.070     0.016     0.032    -0.016    -0.028     0.008    -0.004    -0.004    -0.005    -0.003    -0.000
    -0.022    -0.012     0.188    -0.015     0.151     0.026    -0.037    -0.019    -0.009    -0.000    -0.018     0.006    -0.018     0.002     0.000     0.010    -0.000
     0.022    -0.015     0.050    -0.039     0.163     0.021    -0.005    -0.031    -0.047     0.006    -0.004    -0.001     0.000     0.004     0.005     0.009    -0.000
    -0.005     0.014    -0.083    -0.055     0.084    -0.000     0.046    -0.013    -0.033     0.002    -0.001    -0.004     0.016    -0.002     0.004    -0.007    -0.000
    -0.035     0.016    -0.081    -0.016     0.008    -0.018     0.040    -0.002    -0.006     0.001    -0.008    -0.001     0.012     0.001     0.001    -0.005     0.000
    -1.718     0.418     0.249    -0.343     0.072     0.145     0.001    -0.030     0.037    -0.094    -0.076    -0.038    -0.039     0.024    -0.068    -0.044    -0.000
    -5.087     4.692     0.144    -0.784    -0.213    -0.150     0.066     0.005     0.043     0.039    -0.012     0.081     0.001    -0.022     0.007    -0.004    -0.000
    -1.041     0.523     0.202    -0.160     0.058     0.048    -0.052    -0.002     0.054     0.023    -0.034     0.036     0.017     0.017     0.001     0.022    -0.000
    -3.878     3.034     0.180    -0.308    -0.102    -0.137     0.057     0.015     0.024     0.019    -0.007     0.036    -0.003    -0.015    -0.007     0.003    -0.000
    -0.151    -0.030    -0.002    -0.046     0.004     0.015    -0.024     0.014     0.010    -0.010     0.020    -0.022    -0.019     0.001    -0.007    -0.025     0.000
     0.407    -0.219    -0.038    -0.035     0.049     0.028     0.008    -0.021     0.002     0.021     0.001    -0.023    -0.023     0.028     0.014    -0.009     0.000
    -0.263     0.176     0.049     0.021     0.060     0.002    -0.029     0.004     0.035     0.036     0.002     0.045     0.012     0.024     0.018     0.024    -0.000
    -1.130     0.721     0.132     0.118    -0.045    -0.055     0.033    -0.015     0.008     0.010     0.010     0.018    -0.003    -0.007    -0.003     0.007    -0.000
     0.028    -0.019    -0.033    -0.008    -0.005     0.000     0.004     0.003     0.006    -0.000     0.003    -0.003    -0.001    -0.002    -0.006    -0.002     0.000
     0.139    -0.004    -0.025    -0.029     0.001     0.001     0.004    -0.006     0.002     0.009    -0.005     0.001    -0.001    -0.003     0.003    -0.004    -0.000
    -0.013     0.004    -0.000    -0.004     0.002     0.001     0.003    -0.001    -0.004    -0.001     0.001    -0.003    -0.001     0.001    -0.001    -0.002     0.000
    -0.012     0.003     0.008     0.007    -0.001    -0.003    -0.001     0.002    -0.005     0.001     0.001     0.002    -0.002     0.001     0.001     0.001     0.000
     0.140    -0.135    -0.138     0.074     0.064    -0.005     0.003    -0.006    -0.002     0.014    -0.000     0.021     0.014     0.007     0.005     0.013     0.000
     0.337    -0.289     0.071     0.136    -0.027     0.011     0.016    -0.020    -0.002     0.001     0.011     0.005     0.000    -0.012     0.001    -0.002     0.000
    -0.022     0.024    -0.014    -0.014    -0.007    -0.000     0.003    -0.000    -0.002     0.001     0.001    -0.003    -0.002     0.001    -0.002     0.000    -0.000
    -0.041     0.076    -0.007    -0.009     0.001    -0.011     0.001     0.000     0.002    -0.000    -0.002     0.001     0.002     0.000     0.001    -0.001    -0.000
     0.003    -0.002     0.001     0.001    -0.001     0.000     0.001     0.000    -0.001     0.001     0.000    -0.000     0.000     0.000     0.000    -0.000     0.000
     0.003    -0.005     0.001     0.004    -0.000    -0.000    -0.000     0.000    -0.001     0.000    -0.000    -0.000    -0.000     0.000     0.001    -0.000     0.000
    -0.001     0.001     0.000    -0.000     0.000    -0.000    -0.000    -0.000    -0.000     0.000     0.000     0.000    -0.000    -0.000     0.000    -0.000    -0.000
     0.002     0.001     0.000    -0.000     0.000    -0.000     0.000     0.000    -0.000     0.000    -0.000     0.000     0.000    -0.000    -0.000     0.000    -0.000
     0.152    -0.101    -0.233     0.026     0.043     0.019     0.018     0.002    -0.017     0.003     0.007     0.008     0.014    -0.007    -0.004    -0.000     0.000
     0.554    -0.216     0.053     0.009    -0.014     0.033     0.006    -0.006     0.002    -0.003     0.004     0.000     0.002    -0.006     0.002    -0.007     0.000
    -0.024     0.017    -0.003    -0.002    -0.005    -0.002    -0.001     0.001    -0.001     0.001     0.000    -0.001    -0.002    -0.000    -0.001     0.000    -0.000
    -0.045     0.042     0.004     0.011    -0.000    -0.009     0.001     0.001     0.001    -0.002     0.001     0.001     0.001     0.000     0.000    -0.001    -0.000
    -0.000    -0.001     0.001     0.001     0.000    -0.000     0.000     0.000     0.000     0.000     0.000    -0.000    -0.000     0.000     0.000    -0.000     0.000
     0.004    -0.002     0.000     0.001     0.000     0.001    -0.000    -0.000     0.000     0.000    -0.000    -0.000     0.000    -0.000     0.000     0.000     0.000
     0.000    -0.000    -0.000     0.000     0.000    -0.000    -0.000     0.000     0.000     0.000    -0.000    -0.000     0.000     0.000    -0.000    -0.000     0.000
    -0.000     0.001    -0.000    -0.000     0.000    -0.000     0.000     0.000    -0.000     0.000    -0.000    -0.000     0.000    -0.000    -0.000     0.000    -0.000
     0.000     0.000     0.000     0.000     0.000     0.000     0.000     0.000     0.000     0.000     0.000     0.000     0.000     0.000     0.000     0.000     0.000
     0.000     0.000     0.000     0.000     0.000     0.000     0.000     0.000     0.000     0.000     0.000     0.000     0.000     0.000     0.000     0.000     0.000
    -0.025     0.041    -0.184    -0.008    -0.001     0.007     0.021     0.009    -0.011    -0.004     0.002     0.003     0.002    -0.004    -0.000    -0.005     0.000
     0.210     0.069     0.032    -0.051    -0.000     0.009    -0.007     0.003     0.007    -0.003    -0.001    -0.002     0.003    -0.002     0.001    -0.009    -0.000
    -0.004    -0.005     0.001     0.006    -0.002    -0.003    -0.000    -0.000    -0.000     0.001    -0.000     0.000    -0.002     0.000     0.000     0.001     0.000
    -0.006    -0.000     0.004     0.012    -0.001    -0.002     0.000    -0.001     0.000    -0.001     0.000     0.000    -0.001     0.000     0.000     0.000     0.000
     0.001     0.001     0.000    -0.000    -0.000    -0.000     0.000     0.000     0.000     0.000    -0.000    -0.000     0.000     0.000     0.000     0.000    -0.000
     0.002     0.001    -0.000    -0.000     0.001     0.000    -0.000    -0.000     0.000     0.000    -0.000     0.000     0.000     0.000     0.000     0.000    -0.000
     0.000     0.000     0.000     0.000     0.000     0.000     0.000     0.000     0.000     0.000     0.000     0.000     0.000     0.000     0.000     0.000     0.000
     0.000     0.000     0.000     0.000     0.000     0.000     0.000     0.000     0.000     0.000     0.000     0.000     0.000     0.000     0.000     0.000     0.000
     0.000     0.000     0.000     0.000     0.000     0.000     0.000     0.000     0.000     0.000     0.000     0.000     0.000     0.000     0.000     0.000     0.000
     0.000     0.000     0.000     0.000     0.000     0.000     0.000     0.000     0.000     0.000     0.000     0.000     0.000     0.000     0.000     0.000     0.000
     0.000     0.000     0.000     0.000     0.000     0.000     0.000     0.000     0.000     0.000     0.000     0.000     0.000     0.000     0.000     0.000     0.000
     0.000     0.000     0.000     0.000     0.000     0.000     0.000     0.000     0.000     0.000     0.000     0.000     0.000     0.000     0.000     0.000     0.000
    -0.048     0.058    -0.073    -0.003    -0.045    -0.005     0.026     0.004    -0.001    -0.006    -0.006     0.001    -0.002    -0.001    -0.001    -0.002     0.000
    -0.029     0.131     0.002    -0.030     0.008    -0.010    -0.010     0.001     0.006     0.002    -0.004    -0.003     0.002    -0.003    -0.001    -0.005    -0.000
     0.010    -0.010    -0.001     0.003     0.000     0.000     0.000    -0.001     0.000     0.001    -0.000     0.000    -0.001     0.000    -0.000     0.000     0.000
     0.019    -0.008     0.003     0.003    -0.001     0.003     0.001    -0.002     0.000     0.000    -0.000    -0.000    -0.001     0.001     0.000     0.001     0.000
    -0.001     0.001     0.000    -0.000    -0.000     0.000    -0.000     0.000     0.000    -0.000    -0.000     0.000     0.000     0.000    -0.000    -0.000    -0.000
     0.000     0.001    -0.000     0.000     0.000    -0.000     0.000     0.000     0.000     0.000     0.000     0.000    -0.000    -0.000     0.000     0.000    -0.000
     0.000     0.000     0.000     0.000     0.000     0.000     0.000     0.000     0.000     0.000     0.000     0.000     0.000     0.000     0.000     0.000     0.000
     0.000     0.000     0.000     0.000     0.000     0.000     0.000     0.000     0.000     0.000     0.000     0.000     0.000     0.000     0.000     0.000     0.000
     0.000     0.000     0.000     0.000     0.000     0.000     0.000     0.000     0.000     0.000     0.000     0.000     0.000     0.000     0.000     0.000     0.000
     0.000     0.000     0.000     0.000     0.000     0.000     0.000     0.000     0.000     0.000     0.000     0.000     0.000     0.000     0.000     0.000     0.000
     0.000     0.000     0.000     0.000     0.000     0.000     0.000     0.000     0.000     0.000     0.000     0.000     0.000     0.000     0.000     0.000     0.000
     0.000     0.000     0.000     0.000     0.000     0.000     0.000     0.000     0.000     0.000     0.000     0.000     0.000     0.000     0.000     0.000     0.000
     0.000     0.000     0.000     0.000     0.000     0.000     0.000     0.000     0.000     0.000     0.000     0.000     0.000     0.000     0.000     0.000     0.000
     0.000     0.000     0.000     0.000     0.000     0.000     0.000     0.000     0.000     0.000     0.000     0.000     0.000     0.000     0.000     0.000     0.000
    -0.010     0.011     0.009     0.004    -0.048    -0.000     0.015    -0.003     0.007    -0.002    -0.002     0.001     0.001    -0.001    -0.000    -0.001     0.000
    -0.067     0.052    -0.014    -0.001     0.006    -0.013    -0.002     0.000     0.001     0.002     0.001    -0.000     0.001    -0.004     0.000    -0.000    -0.000
     0.005    -0.001    -0.003    -0.001     0.001     0.001    -0.000    -0.000    -0.000     0.000     0.000     0.000     0.000     0.000    -0.000     0.000     0.000
     0.013     0.001     0.002    -0.002    -0.000     0.002    -0.000    -0.000    -0.000     0.000     0.000    -0.000    -0.000     0.000     0.000     0.000    -0.000
    -0.000     0.000     0.000     0.000    -0.000    -0.000    -0.000    -0.000     0.000     0.000    -0.000    -0.000    -0.000    -0.000     0.000     0.000    -0.000
    -0.000     0.000     0.000     0.000     0.000    -0.000     0.000    -0.000     0.000     0.000     0.000    -0.000     0.000    -0.000     0.000    -0.000     0.000
     0.000     0.000     0.000     0.000     0.000     0.000     0.000     0.000     0.000     0.000     0.000     0.000     0.000     0.000     0.000     0.000     0.000
     0.000     0.000     0.000     0.000     0.000     0.000     0.000     0.000     0.000     0.000     0.000     0.000     0.000     0.000     0.000     0.000     0.000
     0.000     0.000     0.000     0.000     0.000     0.000     0.000     0.000     0.000     0.000     0.000     0.000     0.000     0.000     0.000     0.000     0.000
     0.000     0.000     0.000     0.000     0.000     0.000     0.000     0.000     0.000     0.000     0.000     0.000     0.000     0.000     0.000     0.000     0.000
     0.000     0.000     0.000     0.000     0.000     0.000     0.000     0.000     0.000     0.000     0.000     0.000     0.000     0.000     0.000     0.000     0.000
     0.000     0.000     0.000     0.000     0.000     0.000     0.000     0.000     0.000     0.000     0.000     0.000     0.000     0.000     0.000     0.000     0.000
     0.000     0.000     0.000     0.000     0.000     0.000     0.000     0.000     0.000     0.000     0.000     0.000     0.000     0.000     0.000     0.000     0.000
     0.000     0.000     0.000     0.000     0.000     0.000     0.000     0.000     0.000     0.000     0.000     0.000     0.000     0.000     0.000     0.000     0.000
     0.000     0.000     0.000     0.000     0.000     0.000     0.000     0.000     0.000     0.000     0.000     0.000     0.000     0.000     0.000     0.000     0.000
     0.000     0.000     0.000     0.000     0.000     0.000     0.000     0.000     0.000     0.000     0.000     0.000     0.000     0.000     0.000     0.000     0.000
     0.008    -0.014     0.031     0.002    -0.018    -0.002    -0.004    -0.006     0.003     0.004     0.003    -0.001     0.003    -0.000     0.001    -0.002    -0.000
    -0.032    -0.017    -0.012     0.010    -0.002    -0.007     0.002    -0.000    -0.004    -0.000     0.003     0.001     0.001    -0.002     0.001     0.001     0.000
    -0.001     0.003    -0.003    -0.001     0.000     0.000     0.000     0.000    -0.000    -0.000    -0.000    -0.000     0.000     0.000    -0.000    -0.000    -0.000
     0.002     0.005     0.000    -0.001     0.000    -0.000    -0.000     0.000     0.000    -0.000     0.000     0.000     0.000     0.000    -0.000    -0.000    -0.000
     0.000    -0.000     0.000     0.000    -0.000    -0.000     0.000     0.000    -0.000    -0.000     0.000     0.000    -0.000    -0.000     0.000    -0.000     0.000
     0.000     0.000     0.000     0.000     0.000     0.000     0.000     0.000     0.000     0.000     0.000     0.000     0.000     0.000     0.000     0.000     0.000
     0.000     0.000     0.000     0.000     0.000     0.000     0.000     0.000     0.000     0.000     0.000     0.000     0.000     0.000     0.000     0.000     0.000
     0.000     0.000     0.000     0.000     0.000     0.000     0.000     0.000     0.000     0.000     0.000     0.000     0.000     0.000     0.000     0.000     0.000
     0.000     0.000     0.000     0.000     0.000     0.000     0.000     0.000     0.000     0.000     0.000     0.000     0.000     0.000     0.000     0.000     0.000
     0.000     0.000     0.000     0.000     0.000     0.000     0.000     0.000     0.000     0.000     0.000     0.000     0.000     0.000     0.000     0.000     0.000
     0.000     0.000     0.000     0.000     0.000     0.000     0.000     0.000     0.000     0.000     0.000     0.000     0.000     0.000     0.000     0.000     0.000
     0.000     0.000     0.000     0.000     0.000     0.000     0.000     0.000     0.000     0.000     0.000     0.000     0.000     0.000     0.000     0.000     0.000
     0.000     0.000     0.000     0.000     0.000     0.000     0.000     0.000     0.000     0.000     0.000     0.000     0.000     0.000     0.000     0.000     0.000
     0.000     0.000     0.000     0.000     0.000     0.000     0.000     0.000     0.000     0.000     0.000     0.000     0.000     0.000     0.000     0.000     0.000
     0.000     0.000     0.000     0.000     0.000     0.000     0.000     0.000     0.000     0.000     0.000     0.000     0.000     0.000     0.000     0.000     0.000
     0.000     0.000     0.000     0.000     0.000     0.000     0.000     0.000     0.000     0.000     0.000     0.000     0.000     0.000     0.000     0.000     0.000
     0.000     0.000     0.000     0.000     0.000     0.000     0.000     0.000     0.000     0.000     0.000     0.000     0.000     0.000     0.000     0.000     0.000
     0.000     0.000     0.000     0.000     0.000     0.000     0.000     0.000     0.000     0.000     0.000     0.000     0.000     0.000     0.000     0.000     0.000
     0.006    -0.009     0.020    -0.005     0.003    -0.002    -0.009    -0.002     0.002     0.003     0.005    -0.002     0.001    -0.001     0.000    -0.003    -0.000
    -0.011    -0.032    -0.005     0.005    -0.007     0.002     0.002    -0.001    -0.003     0.000     0.002     0.001     0.002    -0.000     0.001     0.000     0.000
    -0.002     0.002    -0.001    -0.000    -0.001     0.000     0.000     0.000     0.000    -0.000    -0.000    -0.000     0.000    -0.000    -0.000    -0.000     0.000
    -0.004     0.003    -0.001    -0.000     0.001    -0.001    -0.000    -0.000     0.000    -0.000     0.000     0.000     0.000    -0.000     0.000    -0.000    -0.000
     0.000     0.000     0.000     0.000     0.000     0.000     0.000     0.000     0.000     0.000     0.000     0.000     0.000     0.000     0.000     0.000     0.000
     0.000     0.000     0.000     0.000     0.000     0.000     0.000     0.000     0.000     0.000     0.000     0.000     0.000     0.000     0.000     0.000     0.000
     0.000     0.000     0.000     0.000     0.000     0.000     0.000     0.000     0.000     0.000     0.000     0.000     0.000     0.000     0.000     0.000     0.000
     0.000     0.000     0.000     0.000     0.000     0.000     0.000     0.000     0.000     0.000     0.000     0.000     0.000     0.000     0.000     0.000     0.000
     0.000     0.000     0.000     0.000     0.000     0.000     0.000     0.000     0.000     0.000     0.000     0.000     0.000     0.000     0.000     0.000     0.000
     0.000     0.000     0.000     0.000     0.000     0.000     0.000     0.000     0.000     0.000     0.000     0.000     0.000     0.000     0.000     0.000     0.000
     0.000     0.000     0.000     0.000     0.000     0.000     0.000     0.000     0.000     0.000     0.000     0.000     0.000     0.000     0.000     0.000     0.000
     0.000     0.000     0.000     0.000     0.000     0.000     0.000     0.000     0.000     0.000     0.000     0.000     0.000     0.000     0.000     0.000     0.000
     0.000     0.000     0.000     0.000     0.000     0.000     0.000     0.000     0.000     0.000     0.000     0.000     0.000     0.000     0.000     0.000     0.000
     0.000     0.000     0.000     0.000     0.000     0.000     0.000     0.000     0.000     0.000     0.000     0.000     0.000     0.000     0.000     0.000     0.000
     0.000     0.000     0.000     0.000     0.000     0.000     0.000     0.000     0.000     0.000     0.000     0.000     0.000     0.000     0.000     0.000     0.000
     0.000     0.000     0.000     0.000     0.000     0.000     0.000     0.000     0.000     0.000     0.000     0.000     0.000     0.000     0.000     0.000     0.000
     0.000     0.000     0.000     0.000     0.000     0.000     0.000     0.000     0.000     0.000     0.000     0.000     0.000     0.000     0.000     0.000     0.000
     0.000     0.000     0.000     0.000     0.000     0.000     0.000     0.000     0.000     0.000     0.000     0.000     0.000     0.000     0.000     0.000     0.000
     0.000     0.000     0.000     0.000     0.000     0.000     0.000     0.000     0.000     0.000     0.000     0.000     0.000     0.000     0.000     0.000     0.000
     0.000     0.000     0.000     0.000     0.000     0.000     0.000     0.000     0.000     0.000     0.000     0.000     0.000     0.000     0.000     0.000     0.000
    -0.000    -0.001     0.009    -0.002     0.013    -0.003    -0.006     0.000     0.001     0.000     0.003    -0.000     0.001    -0.001     0.000    -0.002    -0.000
    -0.005    -0.024     0.001    -0.001    -0.005     0.006     0.001     0.001     0.000    -0.000     0.000     0.001     0.001    -0.000     0.001     0.000     0.000
    -0.001    -0.001     0.000     0.001    -0.001    -0.000    -0.000    -0.000     0.000    -0.000    -0.000    -0.000    -0.000     0.000     0.000     0.000     0.000
    -0.003    -0.001    -0.001     0.001     0.000    -0.000    -0.000     0.000    -0.000     0.000    -0.000     0.000    -0.000    -0.000     0.000     0.000     0.000
     0.000     0.000     0.000     0.000     0.000     0.000     0.000     0.000     0.000     0.000     0.000     0.000     0.000     0.000     0.000     0.000     0.000
     0.000     0.000     0.000     0.000     0.000     0.000     0.000     0.000     0.000     0.000     0.000     0.000     0.000     0.000     0.000     0.000     0.000
     0.000     0.000     0.000     0.000     0.000     0.000     0.000     0.000     0.000     0.000     0.000     0.000     0.000     0.000     0.000     0.000     0.000
     0.000     0.000     0.000     0.000     0.000     0.000     0.000     0.000     0.000     0.000     0.000     0.000     0.000     0.000     0.000     0.000     0.000
     0.000     0.000     0.000     0.000     0.000     0.000     0.000     0.000     0.000     0.000     0.000     0.000     0.000     0.000     0.000     0.000     0.000
     0.000     0.000     0.000     0.000     0.000     0.000     0.000     0.000     0.000     0.000     0.000     0.000     0.000     0.000     0.000     0.000     0.000
     0.000     0.000     0.000     0.000     0.000     0.000     0.000     0.000     0.000     0.000     0.000     0.000     0.000     0.000     0.000     0.000     0.000
     0.000     0.000     0.000     0.000     0.000     0.000     0.000     0.000     0.000     0.000     0.000     0.000     0.000     0.000     0.000     0.000     0.000
     0.000     0.000     0.000     0.000     0.000     0.000     0.000     0.000     0.000     0.000     0.000     0.000     0.000     0.000     0.000     0.000     0.000
     0.000     0.000     0.000     0.000     0.000     0.000     0.000     0.000     0.000     0.000     0.000     0.000     0.000     0.000     0.000     0.000     0.000
     0.000     0.000     0.000     0.000     0.000     0.000     0.000     0.000     0.000     0.000     0.000     0.000     0.000     0.000     0.000     0.000     0.000
     0.000     0.000     0.000     0.000     0.000     0.000     0.000     0.000     0.000     0.000     0.000     0.000     0.000     0.000     0.000     0.000     0.000
     0.000     0.000     0.000     0.000     0.000     0.000     0.000     0.000     0.000     0.000     0.000     0.000     0.000     0.000     0.000     0.000     0.000
     0.000     0.000     0.000     0.000     0.000     0.000     0.000     0.000     0.000     0.000     0.000     0.000     0.000     0.000     0.000     0.000     0.000
     0.000     0.000     0.000     0.000     0.000     0.000     0.000     0.000     0.000     0.000     0.000     0.000     0.000     0.000     0.000     0.000     0.000
     0.000     0.000     0.000     0.000     0.000     0.000     0.000     0.000     0.000     0.000     0.000     0.000     0.000     0.000     0.000     0.000     0.000
     0.000     0.000     0.000     0.000     0.000     0.000     0.000     0.000     0.000     0.000     0.000     0.000     0.000     0.000     0.000     0.000     0.000
     0.000     0.000     0.000     0.000     0.000     0.000     0.000     0.000     0.000     0.000     0.000     0.000     0.000     0.000     0.000     0.000     0.000
     0.000    -0.002     0.004     0.000     0.009    -0.002    -0.002    -0.001    -0.001    -0.000     0.000     0.001     0.001    -0.000     0.001     0.000    -0.000
     0.003    -0.010     0.002    -0.002    -0.002     0.003    -0.000     0.001     0.001    -0.000    -0.001    -0.000    -0.000     0.000     0.000     0.000     0.000
    -0.000    -0.001     0.000     0.001    -0.000     0.000    -0.000    -0.000     0.000    -0.000     0.000    -0.000     0.000     0.000     0.000    -0.000     0.000
    -0.001    -0.002    -0.000     0.000     0.000     0.000     0.000    -0.000    -0.000     0.000     0.000     0.000    -0.000     0.000     0.000     0.000     0.000
     0.000     0.000     0.000     0.000     0.000     0.000     0.000     0.000     0.000     0.000     0.000     0.000     0.000     0.000     0.000     0.000     0.000
     0.000     0.000     0.000     0.000     0.000     0.000     0.000     0.000     0.000     0.000     0.000     0.000     0.000     0.000     0.000     0.000     0.000
     0.000     0.000     0.000     0.000     0.000     0.000     0.000     0.000     0.000     0.000     0.000     0.000     0.000     0.000     0.000     0.000     0.000
     0.000     0.000     0.000     0.000     0.000     0.000     0.000     0.000     0.000     0.000     0.000     0.000     0.000     0.000     0.000     0.000     0.000
     0.000     0.000     0.000     0.000     0.000     0.000     0.000     0.000     0.000     0.000     0.000     0.000     0.000     0.000     0.000     0.000     0.000
     0.000     0.000     0.000     0.000     0.000     0.000     0.000     0.000     0.000     0.000     0.000     0.000     0.000     0.000     0.000     0.000     0.000
     0.000     0.000     0.000     0.000     0.000     0.000     0.000     0.000     0.000     0.000     0.000     0.000     0.000     0.000     0.000     0.000     0.000
     0.000     0.000     0.000     0.000     0.000     0.000     0.000     0.000     0.000     0.000     0.000     0.000     0.000     0.000     0.000     0.000     0.000
     0.000     0.000     0.000     0.000     0.000     0.000     0.000     0.000     0.000     0.000     0.000     0.000     0.000     0.000     0.000     0.000     0.000
     0.000     0.000     0.000     0.000     0.000     0.000     0.000     0.000     0.000     0.000     0.000     0.000     0.000     0.000     0.000     0.000     0.000
     0.000     0.000     0.000     0.000     0.000     0.000     0.000     0.000     0.000     0.000     0.000     0.000     0.000     0.000     0.000     0.000     0.000
     0.000     0.000     0.000     0.000     0.000     0.000     0.000     0.000     0.000     0.000     0.000     0.000     0.000     0.000     0.000     0.000     0.000
     0.000     0.000     0.000     0.000     0.000     0.000     0.000     0.000     0.000     0.000     0.000     0.000     0.000     0.000     0.000     0.000     0.000
     0.000     0.000     0.000     0.000     0.000     0.000     0.000     0.000     0.000     0.000     0.000     0.000     0.000     0.000     0.000     0.000     0.000
     0.000     0.000     0.000     0.000     0.000     0.000     0.000     0.000     0.000     0.000     0.000     0.000     0.000     0.000     0.000     0.000     0.000
     0.000     0.000     0.000     0.000     0.000     0.000     0.000     0.000     0.000     0.000     0.000     0.000     0.000     0.000     0.000     0.000     0.000
     0.000     0.000     0.000     0.000     0.000     0.000     0.000     0.000     0.000     0.000     0.000     0.000     0.000     0.000     0.000     0.000     0.000
     0.000     0.000     0.000     0.000     0.000     0.000     0.000     0.000     0.000     0.000     0.000     0.000     0.000     0.000     0.000     0.000     0.000
     0.000     0.000     0.000     0.000     0.000     0.000     0.000     0.000     0.000     0.000     0.000     0.000     0.000     0.000     0.000     0.000     0.000
     0.000     0.000     0.000     0.000     0.000     0.000     0.000     0.000     0.000     0.000     0.000     0.000     0.000     0.000     0.000     0.000     0.000
