    -2.473     1.453    -3.634     0.019     0.714    -0.044    -0.001     0.005    -0.130    -0.015    -0.089    -0.003    -0.013    -0.025     0.031    -0.047     0.000
    -2.565     0.920    -8.861     0.349     1.623     0.015     0.150     0.063    -0.223    -0.020    -0.117    -0.042    -0.027    -0.067    -0.007    -0.031     0.000
    -0.584    -0.158    -9.142     0.317     0.988     0.162     0.342     0.043    -0.186    -0.081    -0.024     0.054     0.045    -0.044    -0.060     0.021     0.000
    -0.290     0.950    -5.301    -0.123    -0.912     0.118     0.501     0.011    -0.106    -0.101     0.006     0.089    -0.020    -0.060     0.011    -0.002     0.000
     0.067     0.911    -1.103    -0.136    -1.837     0.028     0.272    -0.027     0.107     0.019    -0.006     0.006    -0.072     0.026     0.061    -0.056     0.000
     0.290     0.010     0.717    -0.004    -1.213    -0.061    -0.186    -0.002     0.241     0.037    -0.049    -0.024     0.016     0.107     0.033    -0.032     0.000
     0.220    -0.260     0.597     0.018    -0.109    -0.089    -0.381     0.048     0.111    -0.043     0.023     0.023     0.015     0.049     0.009     0.048    -0.000
     0.043    -0.062     0.182    -0.013     0.512    -0.003    -0.240    -0.014    -0.105    -0.040     0.119     0.003    -0.014     0.021     0.009     0.067    -0.000
    -0.055     0.118     0.114    -0.091     0.416     0.008     0.061    -0.058    -0.149     0.025     0.067    -0.021     0.007     0.032    -0.010     0.036    -0.000
    -0.061     0.069     0.138    -0.055     0.153    -0.025     0.178    -0.029    -0.064     0.024    -0.035     0.016     0.032    -0.003    -0.002     0.035    -0.000
     0.018    -0.076     0.023     0.037    -0.002    -0.039     0.119    -0.001     0.006     0.003    -0.048     0.008     0.002    -0.020     0.021     0.008     0.000
    -0.016    -0.085    -0.068     0.026    -0.083     0.010     0.027     0.013     0.068    -0.005    -0.028     0.017     0.003    -0.009    -0.008    -0.012     0.000
    -0.056    -0.003    -0.038    -0.005    -0.054     0.037    -0.027     0.011     0.062    -0.016    -0.023     0.027     0.028    -0.006    -0.020     0.003     0.000
    -3.198     2.222    -0.587    -0.828     0.555     0.102    -0.355     0.132     0.085    -0.193    -0.048     0.165    -0.026     0.056    -0.004     0.153    -0.000
   -12.419    12.078     0.542    -1.272    -0.170    -0.154    -0.119    -0.008    -0.051     0.038     0.043     0.152     0.078    -0.059    -0.011     0.009    -0.000
    -2.348     1.452    -0.518    -0.096     0.582    -0.134    -0.234     0.074    -0.021    -0.056     0.058     0.087     0.011     0.080    -0.019     0.018    -0.000
    -6.042     4.871     0.531     0.438    -0.138    -0.202     0.036    -0.030    -0.076     0.075     0.063     0.077     0.019     0.016     0.023    -0.019    -0.000
    -0.013    -0.071    -0.068     0.011    -0.088     0.072     0.048    -0.019     0.009     0.019    -0.003     0.002    -0.016     0.019     0.025    -0.036     0.000
     0.508     0.027    -0.144    -0.217     0.094     0.001     0.024     0.012     0.040    -0.015     0.001     0.006     0.010    -0.019    -0.007     0.029    -0.000
    -0.247    -0.222    -0.523     0.284     0.352    -0.065    -0.056     0.030    -0.069     0.002     0.048     0.012     0.002     0.049    -0.014    -0.013     0.000
    -0.053    -0.316     0.366     0.776    -0.149     0.008     0.098    -0.017    -0.047     0.011     0.020    -0.002     0.010     0.031     0.002    -0.037     0.000
     0.005     0.094    -0.072    -0.060    -0.018     0.014     0.003     0.008     0.002     0.003    -0.002    -0.005     0.003     0.002     0.004     0.002    -0.000
     0.013     0.224    -0.043    -0.079     0.027    -0.043     0.002     0.006     0.016    -0.017    -0.008     0.001     0.009    -0.000    -0.011     0.007    -0.000
    -0.001    -0.011     0.009     0.010    -0.005    -0.001     0.004    -0.003    -0.000     0.001    -0.002    -0.002     0.001     0.002    -0.003    -0.003     0.000
    -0.004    -0.019     0.019     0.014     0.001     0.000    -0.003    -0.006    -0.002     0.003    -0.000    -0.005    -0.003     0.002     0.001    -0.008     0.000
     0.453    -0.429    -0.483     0.049     0.064     0.088     0.065    -0.027    -0.054     0.013    -0.014     0.003     0.037     0.038    -0.012     0.008     0.000
     1.040    -0.496     0.230     0.179    -0.055     0.093     0.018     0.005     0.022    -0.028    -0.006    -0.004     0.009     0.005    -0.005    -0.011     0.000
    -0.081     0.091    -0.043    -0.002    -0.002    -0.011    -0.005     0.000    -0.000     0.002     0.004    -0.001     0.004    -0.001    -0.001     0.005    -0.000
    -0.064     0.094     0.000     0.037     0.010    -0.032     0.005    -0.006     0.004    -0.001     0.002     0.001    -0.001     0.002    -0.002     0.005    -0.000
     0.007    -0.007     0.003     0.002    -0.004     0.000     0.004     0.000     0.000     0.000    -0.001    -0.000     0.000     0.000    -0.000    -0.001     0.000
     0.010    -0.007     0.001     0.004     0.002     0.001    -0.002    -0.000    -0.000     0.000     0.000     0.000    -0.001    -0.000     0.001    -0.001     0.000
    -0.003     0.002    -0.001     0.000     0.001    -0.000     0.000     0.000     0.000     0.000     0.000    -0.000    -0.000    -0.000     0.000    -0.000    -0.000
     0.002     0.001     0.000     0.001    -0.000    -0.000     0.000     0.000    -0.001     0.000     0.000     0.000     0.000    -0.000     0.000     0.000     0.000
     0.087     0.072    -0.349    -0.091    -0.154     0.064     0.105    -0.008    -0.013     0.013    -0.034     0.008     0.025     0.007     0.000     0.024     0.000
     0.473     0.236     0.082    -0.059     0.038     0.018    -0.030     0.009     0.039    -0.009    -0.007    -0.003     0.003    -0.006    -0.004     0.000    -0.000
    -0.017    -0.011    -0.017     0.025    -0.005    -0.005     0.002    -0.003    -0.002    -0.000     0.005     0.000    -0.001    -0.004    -0.000     0.003     0.000
     0.003     0.007     0.008     0.035    -0.001    -0.000     0.007    -0.006     0.001     0.001     0.002     0.000    -0.001    -0.001     0.000     0.001     0.000
    -0.000     0.001     0.001    -0.000    -0.001    -0.000     0.001     0.001     0.001    -0.000    -0.000     0.000    -0.000    -0.001     0.000    -0.000    -0.000
     0.003     0.004    -0.001     0.001     0.002    -0.001    -0.001     0.001     0.000    -0.000    -0.000    -0.000    -0.000    -0.000     0.000    -0.000    -0.000
     0.000    -0.000    -0.000     0.000    -0.000    -0.000     0.000     0.000     0.000    -0.000     0.000     0.000    -0.000     0.000     0.000     0.000     0.000
    -0.000     0.000     0.000     0.000    -0.000    -0.000     0.000    -0.000    -0.000    -0.000    -0.000     0.000     0.000    -0.000     0.000     0.000     0.000
     0.000     0.000     0.000     0.000     0.000     0.000     0.000     0.000     0.000     0.000     0.000     0.000     0.000     0.000     0.000     0.000     0.000
     0.000     0.000     0.000     0.000     0.000     0.000     0.000     0.000     0.000     0.000     0.000     0.000     0.000     0.000     0.000     0.000     0.000
    -0.096     0.116    -0.150     0.016    -0.174    -0.003     0.039     0.018     0.022     0.004    -0.012     0.010    -0.002    -0.006     0.006     0.016     0.000
     0.007     0.321    -0.017    -0.004     0.044    -0.032    -0.012    -0.001     0.009     0.008    -0.001    -0.003     0.008    -0.004    -0.002    -0.000    -0.000
     0.015    -0.024    -0.005     0.008    -0.002     0.005     0.001    -0.003     0.001    -0.001     0.001    -0.000    -0.000    -0.001     0.000    -0.001     0.000
     0.020     0.015     0.006     0.006     0.001     0.007     0.002    -0.002     0.001    -0.001     0.001     0.000    -0.000    -0.001     0.001     0.000    -0.000
    -0.001     0.002     0.000     0.000     0.000    -0.000     0.000     0.000     0.000    -0.000    -0.000     0.000     0.000    -0.000    -0.000    -0.000    -0.000
     0.001     0.003    -0.000     0.001     0.001    -0.000     0.001    -0.000    -0.000     0.000    -0.000     0.000     0.000    -0.000     0.000    -0.000    -0.000
     0.000    -0.000     0.000     0.000    -0.000    -0.000     0.000     0.000    -0.000     0.000     0.000    -0.000    -0.000     0.000     0.000    -0.000     0.000
     0.000     0.000     0.000     0.000     0.000     0.000     0.000     0.000     0.000     0.000     0.000     0.000     0.000     0.000     0.000     0.000     0.000
     0.000     0.000     0.000     0.000     0.000     0.000     0.000     0.000     0.000     0.000     0.000     0.000     0.000     0.000     0.000     0.000     0.000
     0.000     0.000     0.000     0.000     0.000     0.000     0.000     0.000     0.000     0.000     0.000     0.000     0.000     0.000     0.000     0.000     0.000
     0.000     0.000     0.000     0.000     0.000     0.000     0.000     0.000     0.000     0.000     0.000     0.000     0.000     0.000     0.000     0.000     0.000
     0.000     0.000     0.000     0.000     0.000     0.000     0.000     0.000     0.000     0.000     0.000     0.000     0.000     0.000     0.000     0.000     0.000
    -0.017    -0.005    -0.017     0.053    -0.080    -0.017    -0.025     0.013     0.033     0.003     0.000     0.005    -0.004     0.005    -0.000     0.001     0.000
    -0.086     0.079    -0.032     0.040     0.005    -0.023     0.009    -0.011    -0.012     0.010     0.006    -0.003     0.004    -0.002     0.001     0.000     0.000
     0.006     0.001    -0.003    -0.006    -0.003     0.003     0.002     0.001     0.002    -0.000    -0.001    -0.000     0.000    -0.000    -0.000    -0.002    -0.000
     0.015     0.020     0.002     0.000     0.003     0.002    -0.001    -0.000     0.002     0.000     0.001    -0.000    -0.001    -0.000     0.000    -0.001    -0.000
    -0.000    -0.000     0.000     0.000    -0.000    -0.000    -0.000    -0.000    -0.000     0.000     0.000    -0.000    -0.000     0.000    -0.000    -0.000     0.000
     0.001     0.001     0.001     0.001    -0.000     0.000     0.000    -0.000     0.000    -0.000     0.000    -0.000    -0.000    -0.000    -0.000    -0.000    -0.000
     0.000     0.000     0.000     0.000     0.000     0.000     0.000     0.000     0.000     0.000     0.000     0.000     0.000     0.000     0.000     0.000     0.000
     0.000     0.000     0.000     0.000     0.000     0.000     0.000     0.000     0.000     0.000     0.000     0.000     0.000     0.000     0.000     0.000     0.000
     0.000     0.000     0.000     0.000     0.000     0.000     0.000     0.000     0.000     0.000     0.000     0.000     0.000     0.000     0.000     0.000     0.000
     0.000     0.000     0.000     0.000     0.000     0.000     0.000     0.000     0.000     0.000     0.000     0.000     0.000     0.000     0.000     0.000     0.000
     0.000     0.000     0.000     0.000     0.000     0.000     0.000     0.000     0.000     0.000     0.000     0.000     0.000     0.000     0.000     0.000     0.000
     0.000     0.000     0.000     0.000     0.000     0.000     0.000     0.000     0.000     0.000     0.000     0.000     0.000     0.000     0.000     0.000     0.000
     0.000     0.000     0.000     0.000     0.000     0.000     0.000     0.000     0.000     0.000     0.000     0.000     0.000     0.000     0.000     0.000     0.000
     0.000     0.000     0.000     0.000     0.000     0.000     0.000     0.000     0.000     0.000     0.000     0.000     0.000     0.000     0.000     0.000     0.000
     0.008    -0.011     0.029     0.004     0.002    -0.001    -0.037     0.002     0.014     0.003     0.008     0.009     0.001     0.003    -0.004     0.001    -0.000
    -0.039    -0.079    -0.011     0.018    -0.017     0.005     0.007    -0.014    -0.011     0.008     0.005    -0.003    -0.000     0.000    -0.000    -0.001     0.000
    -0.003     0.007    -0.004    -0.003    -0.003    -0.001     0.001     0.001     0.001    -0.000    -0.001    -0.000     0.000    -0.000     0.000    -0.001    -0.000
     0.003     0.010    -0.000     0.003     0.002    -0.001    -0.001    -0.000     0.000     0.001     0.000     0.000    -0.001    -0.000    -0.000    -0.000    -0.000
     0.000    -0.001     0.000     0.000    -0.000     0.000    -0.000    -0.000     0.000    -0.000     0.000     0.000    -0.000     0.000     0.000    -0.000     0.000
     0.000     0.000     0.000     0.000    -0.000     0.000     0.000    -0.000    -0.000    -0.000    -0.000    -0.000     0.000    -0.000    -0.000     0.000     0.000
     0.000     0.000     0.000     0.000     0.000     0.000     0.000     0.000     0.000     0.000     0.000     0.000     0.000     0.000     0.000     0.000     0.000
     0.000     0.000     0.000     0.000     0.000     0.000     0.000     0.000     0.000     0.000     0.000     0.000     0.000     0.000     0.000     0.000     0.000
     0.000     0.000     0.000     0.000     0.000     0.000     0.000     0.000     0.000     0.000     0.000     0.000     0.000     0.000     0.000     0.000     0.000
     0.000     0.000     0.000     0.000     0.000     0.000     0.000     0.000     0.000     0.000     0.000     0.000     0.000     0.000     0.000     0.000     0.000
     0.000     0.000     0.000     0.000     0.000     0.000     0.000     0.000     0.000     0.000     0.000     0.000     0.000     0.000     0.000     0.000     0.000
     0.000     0.000     0.000     0.000     0.000     0.000     0.000     0.000     0.000     0.000     0.000     0.000     0.000     0.000     0.000     0.000     0.000
     0.000     0.000     0.000     0.000     0.000     0.000     0.000     0.000     0.000     0.000     0.000     0.000     0.000     0.000     0.000     0.000     0.000
     0.000     0.000     0.000     0.000     0.000     0.000     0.000     0.000     0.000     0.000     0.000     0.000     0.000     0.000     0.000     0.000     0.000
     0.000     0.000     0.000     0.000     0.000     0.000     0.000     0.000     0.000     0.000     0.000     0.000     0.000     0.000     0.000     0.000     0.000
     0.000     0.000     0.000     0.000     0.000     0.000     0.000     0.000     0.000     0.000     0.000     0.000     0.000     0.000     0.000     0.000     0.000
     0.006    -0.001     0.015    -0.008     0.038     0.005    -0.023    -0.005    -0.009    -0.000     0.006     0.004     0.002    -0.003    -0.001     0.005    -0.000
    -0.019    -0.072     0.004    -0.019    -0.012     0.016    -0.000    -0.004    -0.002     0.002    -0.002    -0.001     0.000     0.001    -0.001    -0.001     0.000
    -0.002     0.001    -0.003     0.001    -0.002    -0.001    -0.001     0.000     0.000    -0.000     0.000    -0.001    -0.000    -0.000     0.000    -0.000     0.000
    -0.003     0.001    -0.001     0.002    -0.000    -0.000    -0.000    -0.000    -0.000    -0.000     0.000     0.001    -0.000    -0.000    -0.000     0.000     0.000
     0.000     0.000     0.000     0.000     0.000     0.000     0.000     0.000     0.000     0.000     0.000     0.000     0.000     0.000     0.000     0.000     0.000
     0.000     0.000    -0.000     0.000    -0.000     0.000    -0.000    -0.000    -0.000    -0.000     0.000    -0.000     0.000    -0.000     0.000    -0.000     0.000
     0.000     0.000     0.000     0.000     0.000     0.000     0.000     0.000     0.000     0.000     0.000     0.000     0.000     0.000     0.000     0.000     0.000
     0.000     0.000     0.000     0.000     0.000     0.000     0.000     0.000     0.000     0.000     0.000     0.000     0.000     0.000     0.000     0.000     0.000
     0.000     0.000     0.000     0.000     0.000     0.000     0.000     0.000     0.000     0.000     0.000     0.000     0.000     0.000     0.000     0.000     0.000
     0.000     0.000     0.000     0.000     0.000     0.000     0.000     0.000     0.000     0.000     0.000     0.000     0.000     0.000     0.000     0.000     0.000
     0.000     0.000     0.000     0.000     0.000     0.000     0.000     0.000     0.000     0.000     0.000     0.000     0.000     0.000     0.000     0.000     0.000
     0.000     0.000     0.000     0.000     0.000     0.000     0.000     0.000     0.000     0.000     0.000     0.000     0.000     0.000     0.000     0.000     0.000
     0.000     0.000     0.000     0.000     0.000     0.000     0.000     0.000     0.000     0.000     0.000     0.000     0.000     0.000     0.000     0.000     0.000
     0.000     0.000     0.000     0.000     0.000     0.000     0.000     0.000     0.000     0.000     0.000     0.000     0.000     0.000     0.000     0.000     0.000
     0.000     0.000     0.000     0.000     0.000     0.000     0.000     0.000     0.000     0.000     0.000     0.000     0.000     0.000     0.000     0.000     0.000
     0.000     0.000     0.000     0.000     0.000     0.000     0.000     0.000     0.000     0.000     0.000     0.000     0.000     0.000     0.000     0.000     0.000
     0.000     0.000     0.000     0.000     0.000     0.000     0.000     0.000     0.000     0.000     0.000     0.000     0.000     0.000     0.000     0.000     0.000
     0.000     0.000     0.000     0.000     0.000     0.000     0.000     0.000     0.000     0.000     0.000     0.000     0.000     0.000     0.000     0.000     0.000
     0.003    -0.006     0.007    -0.001     0.022    -0.001     0.000    -0.004    -0.008     0.004    -0.004    -0.001     0.004    -0.000    -0.003     0.001    -0.000
    -0.018    -0.019     0.007    -0.026    -0.006     0.006    -0.003     0.006     0.004    -0.001    -0.003     0.001    -0.000     0.002    -0.000    -0.001    -0.000
    -0.001    -0.001    -0.001     0.000    -0.001     0.000    -0.001    -0.000     0.000     0.000     0.000    -0.000    -0.000     0.000    -0.000     0.000     0.000
    -0.002    -0.004    -0.001     0.000    -0.001     0.000    -0.000     0.000    -0.000    -0.000    -0.000     0.001     0.000     0.000     0.000     0.000     0.000
     0.000     0.000     0.000     0.000     0.000     0.000     0.000     0.000     0.000     0.000     0.000     0.000     0.000     0.000     0.000     0.000     0.000
     0.000     0.000     0.000     0.000     0.000     0.000     0.000     0.000     0.000     0.000     0.000     0.000     0.000     0.000     0.000     0.000     0.000
     0.000     0.000     0.000     0.000     0.000     0.000     0.000     0.000     0.000     0.000     0.000     0.000     0.000     0.000     0.000     0.000     0.000
     0.000     0.000     0.000     0.000     0.000     0.000     0.000     0.000     0.000     0.000     0.000     0.000     0.000     0.000     0.000     0.000     0.000
     0.000     0.000     0.000     0.000     0.000     0.000     0.000     0.000     0.000     0.000     0.000     0.000     0.000     0.000     0.000     0.000     0.000
     0.000     0.000     0.000     0.000     0.000     0.000     0.000     0.000     0.000     0.000     0.000     0.000     0.000     0.000     0.000     0.000     0.000
     0.000     0.000     0.000     0.000     0.000     0.000     0.000     0.000     0.000     0.000     0.000     0.000     0.000     0.000     0.000     0.000     0.000
     0.000     0.000     0.000     0.000     0.000     0.000     0.000     0.000     0.000     0.000     0.000     0.000     0.000     0.000     0.000     0.000     0.000
     0.000     0.000     0.000     0.000     0.000     0.000     0.000     0.000     0.000     0.000     0.000     0.000     0.000     0.000     0.000     0.000     0.000
     0.000     0.000     0.000     0.000     0.000     0.000     0.000     0.000     0.000     0.000     0.000     0.000     0.000     0.000     0.000     0.000     0.000
     0.000     0.000     0.000     0.000     0.000     0.000     0.000     0.000     0.000     0.000     0.000     0.000     0.000     0.000     0.000     0.000     0.000
     0.000     0.000     0.000     0.000     0.000     0.000     0.000     0.000     0.000     0.000     0.000     0.000     0.000     0.000     0.000     0.000     0.000
     0.000     0.000     0.000     0.000     0.000     0.000     0.000     0.000     0.000     0.000     0.000     0.000     0.000     0.000     0.000     0.000     0.000
     0.000     0.000     0.000     0.000     0.000     0.000     0.000     0.000     0.000     0.000     0.000     0.000     0.000     0.000     0.000     0.000     0.000
     0.000     0.000     0.000     0.000     0.000     0.000     0.000     0.000     0.000     0.000     0.000     0.000     0.000     0.000     0.000     0.000     0.000
     0.000     0.000     0.000     0.000     0.000     0.000     0.000     0.000     0.000     0.000     0.000     0.000     0.000     0.000     0.000     0.000     0.000
    -0.004    -0.001     0.012    -0.002     0.004    -0.003     0.007    -0.001     0.001     0.000    -0.011     0.003     0.005     0.002    -0.002     0.001    -0.000
    -0.002     0.006     0.005    -0.008     0.002    -0.004    -0.002     0.006     0.001    -0.000     0.001     0.001    -0.000     0.002    -0.001     0.000    -0.000
     0.000    -0.000     0.000     0.000    -0.000     0.000    -0.001    -0.001    -0.000    -0.000     0.000    -0.000    -0.000     0.000     0.000     0.000     0.000
    -0.001    -0.003    -0.000    -0.001    -0.000     0.001    -0.000     0.000     0.000    -0.000     0.000     0.000     0.000     0.000     0.000     0.000     0.000
     0.000     0.000     0.000     0.000     0.000     0.000     0.000     0.000     0.000     0.000     0.000     0.000     0.000     0.000     0.000     0.000     0.000
     0.000     0.000     0.000     0.000     0.000     0.000     0.000     0.000     0.000     0.000     0.000     0.000     0.000     0.000     0.000     0.000     0.000
     0.000     0.000     0.000     0.000     0.000     0.000     0.000     0.000     0.000     0.000     0.000     0.000     0.000     0.000     0.000     0.000     0.000
     0.000     0.000     0.000     0.000     0.000     0.000     0.000     0.000     0.000     0.000     0.000     0.000     0.000     0.000     0.000     0.000     0.000
     0.000     0.000     0.000     0.000     0.000     0.000     0.000     0.000     0.000     0.000     0.000     0.000     0.000     0.000     0.000     0.000     0.000
     0.000     0.000     0.000     0.000     0.000     0.000     0.000     0.000     0.000     0.000     0.000     0.000     0.000     0.000     0.000     0.000     0.000
     0.000     0.000     0.000     0.000     0.000     0.000     0.000     0.000     0.000     0.000     0.000     0.000     0.000     0.000     0.000     0.000     0.000
     0.000     0.000     0.000     0.000     0.000     0.000     0.000     0.000     0.000     0.000     0.000     0.000     0.000     0.000     0.000     0.000     0.000
     0.000     0.000     0.000     0.000     0.000     0.000     0.000     0.000     0.000     0.000     0.000     0.000     0.000     0.000     0.000     0.000     0.000
     0.000     0.000     0.000     0.000     0.000     0.000     0.000     0.000     0.000     0.000     0.000     0.000     0.000     0.000     0.000     0.000     0.000
     0.000     0.000     0.000     0.000     0.000     0.000     0.000     0.000     0.000     0.000     0.000     0.000     0.000     0.000     0.000     0.000     0.000
     0.000     0.000     0.000     0.000     0.000     0.000     0.000     0.000     0.000     0.000     0.000     0.000     0.000     0.000     0.000     0.000     0.000
     0.000     0.000     0.000     0.000     0.000     0.000     0.000     0.000     0.000     0.000     0.000     0.000     0.000     0.000     0.000     0.000     0.000
     0.000     0.000     0.000     0.000     0.000     0.000     0.000     0.000     0.000     0.000     0.000     0.000     0.000     0.000     0.000     0.000     0.000
     0.000     0.000     0.000     0.000     0.000     0.000     0.000     0.000     0.000     0.000     0.000     0.000     0.000     0.000     0.000     0.000     0.000
     0.000     0.000     0.000     0.000     0.000     0.000     0.000     0.000     0.000     0.000     0.000     0.000     0.000     0.000     0.000     0.000     0.000
     0.000     0.000     0.000     0.000     0.000     0.000     0.000     0.000     0.000     0.000     0.000     0.000     0.000     0.000     0.000     0.000     0.000
     0.000     0.000     0.000     0.000     0.000     0.000     0.000     0.000     0.000     0.000     0.000     0.000     0.000     0.000     0.000     0.000     0.000
    -0.001    -0.000     0.004    -0.001     0.002    -0.002     0.002     0.000     0.001    -0.002    -0.006     0.002     0.002     0.002     0.001     0.002    -0.000
     0.010     0.007     0.002     0.002     0.004    -0.004    -0.000     0.002    -0.001     0.000     0.002     0.001     0.001     0.000    -0.001     0.001    -0.000
     0.000     0.000    -0.000     0.000     0.000    -0.000    -0.000    -0.000    -0.000     0.000     0.000    -0.000    -0.000     0.000     0.000    -0.000     0.000
    -0.001    -0.000    -0.000    -0.001     0.000     0.000    -0.000     0.000    -0.000    -0.000    -0.000    -0.000     0.000    -0.000     0.000     0.000    -0.000
     0.000     0.000     0.000     0.000     0.000     0.000     0.000     0.000     0.000     0.000     0.000     0.000     0.000     0.000     0.000     0.000     0.000
     0.000     0.000     0.000     0.000     0.000     0.000     0.000     0.000     0.000     0.000     0.000     0.000     0.000     0.000     0.000     0.000     0.000
     0.000     0.000     0.000     0.000     0.000     0.000     0.000     0.000     0.000     0.000     0.000     0.000     0.000     0.000     0.000     0.000     0.000
     0.000     0.000     0.000     0.000     0.000     0.000     0.000     0.000     0.000     0.000     0.000     0.000     0.000     0.000     0.000     0.000     0.000
     0.000     0.000     0.000     0.000     0.000     0.000     0.000     0.000     0.000     0.000     0.000     0.000     0.000     0.000     0.000     0.000     0.000
     0.000     0.000     0.000     0.000     0.000     0.000     0.000     0.000     0.000     0.000     0.000     0.000     0.000     0.000     0.000     0.000     0.000
     0.000     0.000     0.000     0.000     0.000     0.000     0.000     0.000     0.000     0.000     0.000     0.000     0.000     0.000     0.000     0.000     0.000
     0.000     0.000     0.000     0.000     0.000     0.000     0.000     0.000     0.000     0.000     0.000     0.000     0.000     0.000     0.000     0.000     0.000
     0.000     0.000     0.000     0.000     0.000     0.000     0.000     0.000     0.000     0.000     0.000     0.000     0.000     0.000     0.000     0.000     0.000
     0.000     0.000     0.000     0.000     0.000     0.000     0.000     0.000     0.000     0.000     0.000     0.000     0.000     0.000     0.000     0.000     0.000
     0.000     0.000     0.000     0.000     0.000     0.000     0.000     0.000     0.000     0.000     0.000     0.000     0.000     0.000     0.000     0.000     0.000
     0.000     0.000     0.000     0.000     0.000     0.000     0.000     0.000     0.000     0.000     0.000     0.000     0.000     0.000     0.000     0.000     0.000
     0.000     0.000     0.000     0.000     0.000     0.000     0.000     0.000     0.000     0.000     0.000     0.000     0.000     0.000     0.000     0.000     0.000
     0.000     0.000     0.000     0.000     0.000     0.000     0.000     0.000     0.000     0.000     0.000     0.000     0.000     0.000     0.000     0.000     0.000
     0.000     0.000     0.000     0.000     0.000     0.000     0.000     0.000     0.000     0.000     0.000     0.000     0.000     0.000     0.000     0.000     0.000
     0.000     0.000     0.000     0.000     0.000     0.000     0.000     0.000     0.000     0.000     0.000     0.000     0.000     0.000     0.000     0.000     0.000
     0.000     0.000     0.000     0.000     0.000     0.000     0.000     0.000     0.000     0.000     0.000     0.000     0.000     0.000     0.000     0.000     0.000
     0.000     0.000     0.000     0.000     0.000     0.000     0.000     0.000     0.000     0.000     0.000     0.000     0.000     0.000     0.000     0.000     0.000
     0.000     0.000     0.000     0.000     0.000     0.000     0.000     0.000     0.000     0.000     0.000     0.000     0.000     0.000     0.000     0.000     0.000
     0.000     0.000     0.000     0.000     0.000     0.000     0.000     0.000     0.000     0.000     0.000     0.000     0.000     0.000     0.000     0.000     0.000
