    -2.113     1.446    -2.723    -0.260     0.705    -0.059    -0.043    -0.013    -0.062     0.058     0.038    -0.051    -0.006     0.083     0.011     0.012    -0.000
    -2.608     1.391    -6.522    -0.109     1.712    -0.121    -0.035    -0.046    -0.074     0.109     0.068    -0.037    -0.013     0.103     0.014    -0.016     0.000
    -1.030     0.126    -6.901     0.146     1.378     0.048     0.180    -0.073    -0.054     0.049     0.057     0.004     0.016     0.044     0.002    -0.007     0.000
    -0.242     0.651    -4.595    -0.119     0.044     0.234     0.450    -0.031    -0.027    -0.038     0.009    -0.038     0.011    -0.000     0.023    -0.025     0.000
     0.224     0.874    -1.575    -0.162    -0.996     0.153     0.431    -0.002     0.049    -0.033    -0.058    -0.062     0.007     0.007     0.010    -0.057     0.000
     0.280     0.164     0.300     0.011    -1.057     0.005     0.118    -0.018     0.113    -0.019    -0.066    -0.059    -0.017     0.014     0.012    -0.015    -0.000
     0.172    -0.263     0.666     0.085    -0.424    -0.064    -0.172     0.019     0.098    -0.037    -0.005    -0.005    -0.043    -0.018     0.030     0.024     0.000
    -0.019    -0.127     0.338     0.044     0.203    -0.046    -0.236     0.017    -0.003    -0.008     0.043     0.025    -0.010    -0.014     0.006     0.020    -0.000
    -0.076     0.073     0.138    -0.051     0.377     0.002    -0.127    -0.013    -0.073     0.005     0.041    -0.000     0.015     0.014     0.013     0.007    -0.000
    -0.073     0.121     0.073    -0.102     0.234     0.004     0.028    -0.015    -0.083     0.007     0.003    -0.008     0.008     0.011     0.020     0.001    -0.000
    -0.021     0.014    -0.012    -0.042     0.091    -0.011     0.095     0.003    -0.054     0.019    -0.023     0.019     0.006    -0.011    -0.001     0.011    -0.000
    -0.009    -0.091    -0.038     0.014    -0.048    -0.008     0.083     0.001     0.016    -0.000    -0.024     0.014     0.003    -0.011     0.005     0.004     0.000
    -0.024    -0.048    -0.019     0.006    -0.079     0.004     0.043    -0.012     0.030    -0.010    -0.011    -0.006    -0.005    -0.004     0.009    -0.008     0.000
    -2.330     0.917    -0.178    -0.438     0.257     0.144    -0.189     0.014     0.158     0.118     0.007    -0.061    -0.004     0.081    -0.028     0.074    -0.000
    -8.968     8.686     0.448    -1.259    -0.195    -0.136    -0.055    -0.124     0.019     0.095     0.041    -0.017     0.036     0.054     0.021    -0.031    -0.000
    -1.763     1.044    -0.113    -0.307     0.322     0.039    -0.167     0.009     0.019     0.031     0.059    -0.008    -0.006     0.031    -0.028     0.002    -0.000
    -5.396     4.447     0.373    -0.060    -0.087    -0.149    -0.068    -0.070     0.009     0.048     0.039     0.028     0.038     0.017     0.015     0.010    -0.000
    -0.096    -0.053    -0.082     0.019    -0.045     0.046     0.026     0.023    -0.009    -0.006    -0.008    -0.025     0.006     0.020    -0.004    -0.005     0.000
     0.511    -0.182    -0.122    -0.097     0.025    -0.008     0.041    -0.018    -0.034    -0.006     0.025    -0.034    -0.027     0.018     0.000    -0.028     0.000
    -0.320     0.058    -0.229     0.077     0.254    -0.001    -0.085     0.021    -0.037    -0.008     0.066     0.002    -0.004    -0.000    -0.014    -0.025     0.000
    -0.725     0.278     0.238     0.503    -0.062    -0.042     0.008    -0.038     0.006     0.001     0.030     0.034     0.013    -0.010    -0.005     0.005     0.000
     0.024     0.003    -0.041    -0.030    -0.005    -0.005     0.007    -0.001    -0.006    -0.000    -0.001    -0.001     0.000    -0.003    -0.002    -0.000     0.000
     0.091     0.093    -0.030    -0.058     0.006    -0.024     0.014    -0.004    -0.016     0.001     0.016    -0.004    -0.010     0.003     0.005     0.001    -0.000
    -0.011    -0.002     0.005     0.005    -0.005     0.004     0.001     0.001     0.003     0.001    -0.004    -0.004     0.002    -0.000    -0.002     0.000     0.000
    -0.012    -0.004     0.019     0.011    -0.001    -0.000     0.000    -0.003    -0.000     0.001    -0.007    -0.002     0.002    -0.001     0.000    -0.002     0.000
     0.345    -0.397    -0.316     0.116     0.115     0.013     0.021     0.005    -0.048    -0.004     0.042     0.006    -0.007    -0.000    -0.011    -0.009     0.000
     0.830    -0.608     0.174     0.218    -0.068     0.048     0.043    -0.006    -0.007    -0.017     0.023     0.017    -0.002    -0.008    -0.004     0.002     0.000
    -0.062     0.066    -0.026    -0.020    -0.007    -0.011    -0.004    -0.000     0.002    -0.001    -0.000     0.002     0.001    -0.000    -0.001     0.001    -0.000
    -0.073     0.114    -0.003     0.006     0.009    -0.026     0.000    -0.005    -0.000    -0.002     0.004     0.000     0.001     0.001     0.000     0.003    -0.000
     0.004    -0.006     0.002     0.002    -0.004     0.001     0.003     0.000     0.000     0.001    -0.001     0.001     0.000     0.000    -0.000     0.000     0.000
     0.005    -0.008     0.002     0.004     0.003     0.002    -0.001    -0.001     0.000     0.001    -0.001    -0.000     0.001    -0.001     0.000    -0.000     0.000
    -0.002     0.002    -0.000    -0.001     0.001     0.001    -0.000    -0.000     0.000     0.000    -0.000     0.000    -0.000    -0.000     0.000     0.000    -0.000
     0.002     0.002     0.001    -0.000    -0.000    -0.000    -0.000    -0.000    -0.000    -0.000    -0.001     0.000     0.000    -0.000     0.000     0.000    -0.000
     0.139    -0.083    -0.297    -0.041    -0.022     0.028     0.077     0.008    -0.028    -0.008     0.016     0.004    -0.013    -0.003     0.000     0.002     0.000
     0.594    -0.065     0.087    -0.057    -0.017     0.021     0.014     0.016     0.001    -0.010     0.006    -0.003    -0.004     0.005     0.002    -0.000    -0.000
    -0.030     0.013    -0.013     0.011    -0.003    -0.007    -0.004     0.001     0.002     0.000     0.001     0.002    -0.001    -0.001    -0.000    -0.001     0.000
    -0.027     0.026     0.005     0.031     0.002    -0.010     0.001    -0.004     0.001    -0.002     0.001     0.003     0.001     0.000    -0.001     0.001     0.000
     0.001    -0.001     0.001     0.000    -0.001     0.001     0.001     0.000     0.000     0.000    -0.000    -0.000     0.000    -0.000    -0.000     0.000     0.000
     0.004     0.002    -0.001     0.000     0.002     0.001    -0.000     0.000    -0.000     0.000    -0.000     0.000     0.000     0.000    -0.000     0.000    -0.000
    -0.000     0.000    -0.000     0.000     0.000    -0.000     0.000    -0.000    -0.000     0.000     0.000    -0.000     0.000    -0.000    -0.000     0.000     0.000
    -0.000     0.000     0.000     0.000    -0.000    -0.000    -0.000    -0.000     0.000     0.000    -0.000     0.000     0.000     0.000    -0.000    -0.000     0.000
     0.000     0.000     0.000     0.000     0.000     0.000     0.000     0.000     0.000     0.000     0.000     0.000     0.000     0.000     0.000     0.000     0.000
     0.000     0.000     0.000     0.000     0.000     0.000     0.000     0.000     0.000     0.000     0.000     0.000     0.000     0.000     0.000     0.000     0.000
    -0.100     0.140    -0.177    -0.045    -0.093     0.005     0.060     0.013     0.002    -0.004    -0.003     0.005    -0.001    -0.001     0.004    -0.001     0.000
     0.088     0.257     0.003    -0.068     0.026    -0.027    -0.016     0.012     0.002     0.007     0.000    -0.008     0.000     0.008    -0.001    -0.004    -0.000
     0.010    -0.019    -0.006     0.013     0.000     0.001    -0.002    -0.002    -0.000     0.002     0.001     0.001     0.000     0.001    -0.001    -0.001     0.000
     0.015    -0.002     0.006     0.014    -0.000     0.004     0.001    -0.002     0.000    -0.001     0.001     0.001     0.000     0.000    -0.001    -0.000     0.000
    -0.000     0.002     0.000    -0.000    -0.000    -0.000     0.000     0.000     0.000    -0.000     0.000    -0.000     0.000    -0.000    -0.000     0.000    -0.000
     0.001     0.003    -0.000     0.001     0.001    -0.000     0.000     0.000    -0.000     0.000    -0.000    -0.000     0.000    -0.000    -0.000     0.000    -0.000
     0.000     0.000     0.000     0.000     0.000     0.000     0.000     0.000     0.000     0.000     0.000     0.000     0.000     0.000     0.000     0.000     0.000
     0.000     0.000     0.000     0.000     0.000     0.000     0.000     0.000     0.000     0.000     0.000     0.000     0.000     0.000     0.000     0.000     0.000
     0.000     0.000     0.000     0.000     0.000     0.000     0.000     0.000     0.000     0.000     0.000     0.000     0.000     0.000     0.000     0.000     0.000
     0.000     0.000     0.000     0.000     0.000     0.000     0.000     0.000     0.000     0.000     0.000     0.000     0.000     0.000     0.000     0.000     0.000
     0.000     0.000     0.000     0.000     0.000     0.000     0.000     0.000     0.000     0.000     0.000     0.000     0.000     0.000     0.000     0.000     0.000
     0.000     0.000     0.000     0.000     0.000     0.000     0.000     0.000     0.000     0.000     0.000     0.000     0.000     0.000     0.000     0.000     0.000
    -0.057     0.065    -0.032     0.011    -0.086    -0.013     0.007     0.002     0.020    -0.003    -0.009    -0.001     0.003     0.004     0.005    -0.001     0.000
    -0.088     0.156    -0.028     0.002     0.027    -0.033    -0.015     0.001    -0.002     0.010     0.001    -0.001     0.001     0.000    -0.001     0.000    -0.000
     0.013    -0.009    -0.003     0.000    -0.000     0.004    -0.000    -0.002    -0.000    -0.000     0.001    -0.000     0.000     0.001    -0.000     0.000     0.000
     0.021     0.007     0.003    -0.001     0.000     0.004    -0.000    -0.000     0.001    -0.000     0.000    -0.000    -0.001     0.000    -0.000    -0.000    -0.000
    -0.001     0.000     0.000     0.000    -0.000    -0.000     0.000    -0.000     0.000    -0.000    -0.000     0.000    -0.000    -0.000     0.000     0.000    -0.000
     0.000     0.001    -0.000     0.001     0.000    -0.001     0.000     0.000    -0.000    -0.000    -0.000    -0.000     0.000    -0.000     0.000     0.000     0.000
     0.000     0.000     0.000     0.000     0.000     0.000     0.000     0.000     0.000     0.000     0.000     0.000     0.000     0.000     0.000     0.000     0.000
     0.000     0.000     0.000     0.000     0.000     0.000     0.000     0.000     0.000     0.000     0.000     0.000     0.000     0.000     0.000     0.000     0.000
     0.000     0.000     0.000     0.000     0.000     0.000     0.000     0.000     0.000     0.000     0.000     0.000     0.000     0.000     0.000     0.000     0.000
     0.000     0.000     0.000     0.000     0.000     0.000     0.000     0.000     0.000     0.000     0.000     0.000     0.000     0.000     0.000     0.000     0.000
     0.000     0.000     0.000     0.000     0.000     0.000     0.000     0.000     0.000     0.000     0.000     0.000     0.000     0.000     0.000     0.000     0.000
     0.000     0.000     0.000     0.000     0.000     0.000     0.000     0.000     0.000     0.000     0.000     0.000     0.000     0.000     0.000     0.000     0.000
     0.000     0.000     0.000     0.000     0.000     0.000     0.000     0.000     0.000     0.000     0.000     0.000     0.000     0.000     0.000     0.000     0.000
     0.000     0.000     0.000     0.000     0.000     0.000     0.000     0.000     0.000     0.000     0.000     0.000     0.000     0.000     0.000     0.000     0.000
     0.005    -0.014     0.044     0.009    -0.043    -0.006    -0.026    -0.006     0.017    -0.009    -0.002    -0.005    -0.002     0.001     0.005     0.002    -0.000
    -0.059    -0.010    -0.020     0.026    -0.000    -0.014    -0.003    -0.006    -0.001     0.002     0.001     0.006    -0.000    -0.004     0.001     0.003     0.000
     0.000     0.006    -0.003    -0.003    -0.001     0.001     0.001     0.001    -0.000    -0.000    -0.000    -0.000     0.000     0.000     0.000     0.000    -0.000
     0.007     0.011     0.000    -0.002     0.000     0.000    -0.001     0.000     0.001     0.000     0.000    -0.001    -0.001     0.000     0.000    -0.000    -0.000
     0.000    -0.000     0.000     0.000    -0.000    -0.000     0.000     0.000     0.000     0.000    -0.000    -0.000     0.000     0.000    -0.000     0.000     0.000
     0.000     0.000     0.000     0.000    -0.000     0.000    -0.000     0.000    -0.000     0.000     0.000    -0.000    -0.000     0.000    -0.000    -0.000     0.000
     0.000     0.000     0.000     0.000     0.000     0.000     0.000     0.000     0.000     0.000     0.000     0.000     0.000     0.000     0.000     0.000     0.000
     0.000     0.000     0.000     0.000     0.000     0.000     0.000     0.000     0.000     0.000     0.000     0.000     0.000     0.000     0.000     0.000     0.000
     0.000     0.000     0.000     0.000     0.000     0.000     0.000     0.000     0.000     0.000     0.000     0.000     0.000     0.000     0.000     0.000     0.000
     0.000     0.000     0.000     0.000     0.000     0.000     0.000     0.000     0.000     0.000     0.000     0.000     0.000     0.000     0.000     0.000     0.000
     0.000     0.000     0.000     0.000     0.000     0.000     0.000     0.000     0.000     0.000     0.000     0.000     0.000     0.000     0.000     0.000     0.000
     0.000     0.000     0.000     0.000     0.000     0.000     0.000     0.000     0.000     0.000     0.000     0.000     0.000     0.000     0.000     0.000     0.000
     0.000     0.000     0.000     0.000     0.000     0.000     0.000     0.000     0.000     0.000     0.000     0.000     0.000     0.000     0.000     0.000     0.000
     0.000     0.000     0.000     0.000     0.000     0.000     0.000     0.000     0.000     0.000     0.000     0.000     0.000     0.000     0.000     0.000     0.000
     0.000     0.000     0.000     0.000     0.000     0.000     0.000     0.000     0.000     0.000     0.000     0.000     0.000     0.000     0.000     0.000     0.000
     0.000     0.000     0.000     0.000     0.000     0.000     0.000     0.000     0.000     0.000     0.000     0.000     0.000     0.000     0.000     0.000     0.000
     0.013    -0.016     0.033    -0.006     0.006     0.002    -0.026    -0.008    -0.001    -0.003     0.007    -0.003    -0.001    -0.001     0.001     0.001    -0.000
    -0.017    -0.066    -0.003     0.010    -0.018     0.007     0.004    -0.007    -0.001    -0.001    -0.000     0.004     0.000    -0.003     0.001     0.001     0.000
    -0.003     0.004    -0.002     0.000    -0.001    -0.001     0.001     0.001     0.000    -0.000    -0.001     0.000     0.000     0.000    -0.000     0.000    -0.000
    -0.002     0.006    -0.001     0.001     0.000    -0.001    -0.001    -0.000    -0.000     0.000    -0.000    -0.000    -0.000    -0.000    -0.000    -0.000    -0.000
     0.000    -0.000     0.000    -0.000    -0.000     0.000    -0.000    -0.000     0.000    -0.000    -0.000     0.000     0.000     0.000    -0.000    -0.000     0.000
     0.000     0.000     0.000     0.000     0.000     0.000     0.000     0.000     0.000     0.000     0.000     0.000     0.000     0.000     0.000     0.000    -0.000
     0.000     0.000     0.000     0.000     0.000     0.000     0.000     0.000     0.000     0.000     0.000     0.000     0.000     0.000     0.000     0.000     0.000
     0.000     0.000     0.000     0.000     0.000     0.000     0.000     0.000     0.000     0.000     0.000     0.000     0.000     0.000     0.000     0.000     0.000
     0.000     0.000     0.000     0.000     0.000     0.000     0.000     0.000     0.000     0.000     0.000     0.000     0.000     0.000     0.000     0.000     0.000
     0.000     0.000     0.000     0.000     0.000     0.000     0.000     0.000     0.000     0.000     0.000     0.000     0.000     0.000     0.000     0.000     0.000
     0.000     0.000     0.000     0.000     0.000     0.000     0.000     0.000     0.000     0.000     0.000     0.000     0.000     0.000     0.000     0.000     0.000
     0.000     0.000     0.000     0.000     0.000     0.000     0.000     0.000     0.000     0.000     0.000     0.000     0.000     0.000     0.000     0.000     0.000
     0.000     0.000     0.000     0.000     0.000     0.000     0.000     0.000     0.000     0.000     0.000     0.000     0.000     0.000     0.000     0.000     0.000
     0.000     0.000     0.000     0.000     0.000     0.000     0.000     0.000     0.000     0.000     0.000     0.000     0.000     0.000     0.000     0.000     0.000
     0.000     0.000     0.000     0.000     0.000     0.000     0.000     0.000     0.000     0.000     0.000     0.000     0.000     0.000     0.000     0.000     0.000
     0.000     0.000     0.000     0.000     0.000     0.000     0.000     0.000     0.000     0.000     0.000     0.000     0.000     0.000     0.000     0.000     0.000
     0.000     0.000     0.000     0.000     0.000     0.000     0.000     0.000     0.000     0.000     0.000     0.000     0.000     0.000     0.000     0.000     0.000
     0.000     0.000     0.000     0.000     0.000     0.000     0.000     0.000     0.000     0.000     0.000     0.000     0.000     0.000     0.000     0.000     0.000
     0.006    -0.008     0.012    -0.004     0.024     0.001    -0.009    -0.004    -0.010     0.002     0.007    -0.002     0.002     0.000    -0.000    -0.002    -0.000
    -0.010    -0.040     0.006    -0.011    -0.014     0.015     0.002    -0.001     0.001    -0.001    -0.002    -0.001     0.001     0.001    -0.001    -0.001     0.000
    -0.001    -0.000    -0.000     0.001    -0.002    -0.001    -0.000     0.000     0.000    -0.000    -0.001    -0.000     0.000    -0.000     0.000    -0.000     0.000
    -0.004    -0.001    -0.001     0.001    -0.000    -0.001    -0.000    -0.000     0.000     0.000     0.000     0.000     0.000    -0.000     0.000    -0.000     0.000
     0.000     0.000     0.000     0.000     0.000     0.000     0.000     0.000     0.000     0.000     0.000     0.000     0.000     0.000     0.000     0.000     0.000
     0.000     0.000     0.000     0.000     0.000     0.000     0.000     0.000     0.000     0.000     0.000     0.000     0.000     0.000     0.000     0.000     0.000
     0.000     0.000     0.000     0.000     0.000     0.000     0.000     0.000     0.000     0.000     0.000     0.000     0.000     0.000     0.000     0.000     0.000
     0.000     0.000     0.000     0.000     0.000     0.000     0.000     0.000     0.000     0.000     0.000     0.000     0.000     0.000     0.000     0.000     0.000
     0.000     0.000     0.000     0.000     0.000     0.000     0.000     0.000     0.000     0.000     0.000     0.000     0.000     0.000     0.000     0.000     0.000
     0.000     0.000     0.000     0.000     0.000     0.000     0.000     0.000     0.000     0.000     0.000     0.000     0.000     0.000     0.000     0.000     0.000
     0.000     0.000     0.000     0.000     0.000     0.000     0.000     0.000     0.000     0.000     0.000     0.000     0.000     0.000     0.000     0.000     0.000
     0.000     0.000     0.000     0.000     0.000     0.000     0.000     0.000     0.000     0.000     0.000     0.000     0.000     0.000     0.000     0.000     0.000
     0.000     0.000     0.000     0.000     0.000     0.000     0.000     0.000     0.000     0.000     0.000     0.000     0.000     0.000     0.000     0.000     0.000
     0.000     0.000     0.000     0.000     0.000     0.000     0.000     0.000     0.000     0.000     0.000     0.000     0.000     0.000     0.000     0.000     0.000
     0.000     0.000     0.000     0.000     0.000     0.000     0.000     0.000     0.000     0.000     0.000     0.000     0.000     0.000     0.000     0.000     0.000
     0.000     0.000     0.000     0.000     0.000     0.000     0.000     0.000     0.000     0.000     0.000     0.000     0.000     0.000     0.000     0.000     0.000
     0.000     0.000     0.000     0.000     0.000     0.000     0.000     0.000     0.000     0.000     0.000     0.000     0.000     0.000     0.000     0.000     0.000
     0.000     0.000     0.000     0.000     0.000     0.000     0.000     0.000     0.000     0.000     0.000     0.000     0.000     0.000     0.000     0.000     0.000
     0.000     0.000     0.000     0.000     0.000     0.000     0.000     0.000     0.000     0.000     0.000     0.000     0.000     0.000     0.000     0.000     0.000
     0.000     0.000     0.000     0.000     0.000     0.000     0.000     0.000     0.000     0.000     0.000     0.000     0.000     0.000     0.000     0.000     0.000
     0.001     0.000     0.005    -0.001     0.015    -0.003     0.008    -0.003    -0.009     0.001     0.001    -0.003     0.004     0.001     0.002    -0.002     0.000
    -0.007    -0.005     0.004    -0.016     0.001     0.007    -0.003     0.004     0.003    -0.000    -0.000    -0.002     0.000     0.001    -0.001     0.000    -0.000
     0.000    -0.001     0.000     0.000    -0.001    -0.000    -0.001    -0.000     0.000    -0.000    -0.000     0.000    -0.000    -0.000    -0.000     0.000     0.000
    -0.001    -0.004    -0.000    -0.000    -0.000     0.000     0.000    -0.000    -0.000    -0.000     0.000    -0.000    -0.000     0.000     0.000    -0.000     0.000
     0.000     0.000     0.000     0.000     0.000     0.000     0.000     0.000     0.000     0.000     0.000     0.000     0.000     0.000     0.000     0.000     0.000
     0.000     0.000     0.000     0.000     0.000     0.000     0.000     0.000     0.000     0.000     0.000     0.000     0.000     0.000     0.000     0.000     0.000
     0.000     0.000     0.000     0.000     0.000     0.000     0.000     0.000     0.000     0.000     0.000     0.000     0.000     0.000     0.000     0.000     0.000
     0.000     0.000     0.000     0.000     0.000     0.000     0.000     0.000     0.000     0.000     0.000     0.000     0.000     0.000     0.000     0.000     0.000
     0.000     0.000     0.000     0.000     0.000     0.000     0.000     0.000     0.000     0.000     0.000     0.000     0.000     0.000     0.000     0.000     0.000
     0.000     0.000     0.000     0.000     0.000     0.000     0.000     0.000     0.000     0.000     0.000     0.000     0.000     0.000     0.000     0.000     0.000
     0.000     0.000     0.000     0.000     0.000     0.000     0.000     0.000     0.000     0.000     0.000     0.000     0.000     0.000     0.000     0.000     0.000
     0.000     0.000     0.000     0.000     0.000     0.000     0.000     0.000     0.000     0.000     0.000     0.000     0.000     0.000     0.000     0.000     0.000
     0.000     0.000     0.000     0.000     0.000     0.000     0.000     0.000     0.000     0.000     0.000     0.000     0.000     0.000     0.000     0.000     0.000
     0.000     0.000     0.000     0.000     0.000     0.000     0.000     0.000     0.000     0.000     0.000     0.000     0.000     0.000     0.000     0.000     0.000
     0.000     0.000     0.000     0.000     0.000     0.000     0.000     0.000     0.000     0.000     0.000     0.000     0.000     0.000     0.000     0.000     0.000
     0.000     0.000     0.000     0.000     0.000     0.000     0.000     0.000     0.000     0.000     0.000     0.000     0.000     0.000     0.000     0.000     0.000
     0.000     0.000     0.000     0.000     0.000     0.000     0.000     0.000     0.000     0.000     0.000     0.000     0.000     0.000     0.000     0.000     0.000
     0.000     0.000     0.000     0.000     0.000     0.000     0.000     0.000     0.000     0.000     0.000     0.000     0.000     0.000     0.000     0.000     0.000
     0.000     0.000     0.000     0.000     0.000     0.000     0.000     0.000     0.000     0.000     0.000     0.000     0.000     0.000     0.000     0.000     0.000
     0.000     0.000     0.000     0.000     0.000     0.000     0.000     0.000     0.000     0.000     0.000     0.000     0.000     0.000     0.000     0.000     0.000
     0.000     0.000     0.000     0.000     0.000     0.000     0.000     0.000     0.000     0.000     0.000     0.000     0.000     0.000     0.000     0.000     0.000
     0.000     0.000     0.000     0.000     0.000     0.000     0.000     0.000     0.000     0.000     0.000     0.000     0.000     0.000     0.000     0.000     0.000
     0.001     0.003     0.001     0.000     0.005    -0.003     0.008    -0.002    -0.004     0.001    -0.001    -0.002     0.003     0.001     0.001    -0.001     0.000
     0.003     0.005     0.001    -0.007     0.005     0.000    -0.002     0.003     0.001     0.001     0.001    -0.001    -0.001     0.000    -0.000     0.001    -0.000
     0.000    -0.000    -0.000     0.000    -0.000     0.000    -0.001     0.000     0.000     0.000     0.000     0.000    -0.000     0.000    -0.000     0.000     0.000
    -0.001    -0.002     0.000    -0.001    -0.000     0.000    -0.000    -0.000    -0.000    -0.000     0.000     0.000    -0.000    -0.000     0.000    -0.000     0.000
     0.000     0.000     0.000     0.000     0.000     0.000     0.000     0.000     0.000     0.000     0.000     0.000     0.000     0.000     0.000     0.000     0.000
     0.000     0.000     0.000     0.000     0.000     0.000     0.000     0.000     0.000     0.000     0.000     0.000     0.000     0.000     0.000     0.000     0.000
     0.000     0.000     0.000     0.000     0.000     0.000     0.000     0.000     0.000     0.000     0.000     0.000     0.000     0.000     0.000     0.000     0.000
     0.000     0.000     0.000     0.000     0.000     0.000     0.000     0.000     0.000     0.000     0.000     0.000     0.000     0.000     0.000     0.000     0.000
     0.000     0.000     0.000     0.000     0.000     0.000     0.000     0.000     0.000     0.000     0.000     0.000     0.000     0.000     0.000     0.000     0.000
     0.000     0.000     0.000     0.000     0.000     0.000     0.000     0.000     0.000     0.000     0.000     0.000     0.000     0.000     0.000     0.000     0.000
     0.000     0.000     0.000     0.000     0.000     0.000     0.000     0.000     0.000     0.000     0.000     0.000     0.000     0.000     0.000     0.000     0.000
     0.000     0.000     0.000     0.000     0.000     0.000     0.000     0.000     0.000     0.000     0.000     0.000     0.000     0.000     0.000     0.000     0.000
     0.000     0.000     0.000     0.000     0.000     0.000     0.000     0.000     0.000     0.000     0.000     0.000     0.000     0.000     0.000     0.000     0.000
     0.000     0.000     0.000     0.000     0.000     0.000     0.000     0.000     0.000     0.000     0.000     0.000     0.000     0.000     0.000     0.000     0.000
     0.000     0.000     0.000     0.000     0.000     0.000     0.000     0.000     0.000     0.000     0.000     0.000     0.000     0.000     0.000     0.000     0.000
     0.000     0.000     0.000     0.000     0.000     0.000     0.000     0.000     0.000     0.000     0.000     0.000     0.000     0.000     0.000     0.000     0.000
     0.000     0.000     0.000     0.000     0.000     0.000     0.000     0.000     0.000     0.000     0.000     0.000     0.000     0.000     0.000     0.000     0.000
     0.000     0.000     0.000     0.000     0.000     0.000     0.000     0.000     0.000     0.000     0.000     0.000     0.000     0.000     0.000     0.000     0.000
     0.000     0.000     0.000     0.000     0.000     0.000     0.000     0.000     0.000     0.000     0.000     0.000     0.000     0.000     0.000     0.000     0.000
     0.000     0.000     0.000     0.000     0.000     0.000     0.000     0.000     0.000     0.000     0.000     0.000     0.000     0.000     0.000     0.000     0.000
     0.000     0.000     0.000     0.000     0.000     0.000     0.000     0.000     0.000     0.000     0.000     0.000     0.000     0.000     0.000     0.000     0.000
     0.000     0.000     0.000     0.000     0.000     0.000     0.000     0.000     0.000     0.000     0.000     0.000     0.000     0.000     0.000     0.000     0.000
     0.000     0.000     0.000     0.000     0.000     0.000     0.000     0.000     0.000     0.000     0.000     0.000     0.000     0.000     0.000     0.000     0.000
     0.000     0.000     0.000     0.000     0.000     0.000     0.000     0.000     0.000     0.000     0.000     0.000     0.000     0.000     0.000     0.000     0.000
