    -1.293     0.602    -0.810    -0.177     0.220     0.003     0.011     0.007     0.022    -0.017     0.007    -0.002     0.031     0.007     0.014    -0.018    -0.000
    -2.119     0.897    -2.167    -0.321     0.476     0.053    -0.016    -0.083     0.018    -0.000     0.002     0.003     0.062     0.013    -0.001    -0.004     0.000
    -1.671     0.410    -2.569    -0.196     0.513    -0.008    -0.007    -0.090     0.035    -0.039     0.007    -0.003     0.026    -0.014    -0.018     0.018     0.000
    -0.524     0.275    -2.040    -0.085     0.295    -0.063     0.054    -0.020     0.021    -0.076     0.024     0.009     0.021    -0.008    -0.003     0.003     0.000
     0.392     0.250    -1.112    -0.035     0.014    -0.016     0.082     0.021    -0.012    -0.037     0.003     0.029     0.024    -0.020    -0.018    -0.012     0.000
     0.375     0.138    -0.290    -0.021    -0.125    -0.018     0.069    -0.009     0.004    -0.006    -0.013     0.002    -0.006    -0.002    -0.022     0.018     0.000
     0.103     0.036     0.107    -0.014    -0.160    -0.035     0.016    -0.036     0.005    -0.026     0.017    -0.011    -0.013     0.029    -0.011     0.023    -0.000
    -0.146    -0.003     0.241     0.003    -0.114    -0.025     0.016     0.005     0.004    -0.014     0.009    -0.010    -0.026     0.015     0.006     0.010    -0.000
    -0.100     0.043     0.251     0.011     0.000     0.000    -0.015     0.015     0.010     0.001    -0.031    -0.009    -0.031    -0.003     0.013     0.005    -0.000
    -0.004     0.019     0.168     0.002     0.083     0.013    -0.054     0.014    -0.004     0.012    -0.029    -0.007    -0.012    -0.005     0.006     0.008    -0.000
     0.056    -0.042     0.080    -0.014     0.108     0.005    -0.024     0.002    -0.020     0.021     0.002     0.001    -0.009     0.008    -0.001     0.015    -0.000
     0.012    -0.044    -0.013    -0.018     0.069     0.003     0.014     0.003    -0.018     0.009     0.015     0.006    -0.006     0.010     0.003     0.015    -0.000
    -0.035    -0.017    -0.041    -0.009     0.014     0.006     0.022     0.009    -0.002     0.001    -0.001    -0.002    -0.002     0.002     0.006     0.008     0.000
    -1.622     0.131     0.170    -0.077     0.315     0.110    -0.090    -0.044     0.165    -0.006    -0.068     0.088    -0.030     0.007    -0.035     0.104    -0.000
    -3.726     2.803     0.152    -0.475    -0.217    -0.107     0.001    -0.058    -0.043    -0.084     0.088    -0.031    -0.032    -0.032     0.062     0.084    -0.000
    -0.811     0.204     0.214    -0.072     0.081     0.021    -0.074     0.048     0.003    -0.012    -0.013    -0.030    -0.067    -0.007    -0.025     0.037    -0.000
    -3.117     1.971     0.169    -0.199    -0.090    -0.089     0.001     0.006     0.011    -0.049     0.016    -0.015    -0.028    -0.035     0.021     0.015    -0.000
    -0.091    -0.004     0.015     0.002     0.010     0.009     0.038     0.012     0.024    -0.004    -0.009     0.021     0.028    -0.007     0.000    -0.033     0.000
     0.376    -0.149    -0.047    -0.006     0.023     0.009    -0.006    -0.010     0.004     0.014     0.001     0.006     0.003     0.007    -0.010     0.013     0.000
    -0.177     0.123     0.073    -0.027     0.029     0.007    -0.053     0.015    -0.015    -0.021     0.010    -0.018    -0.016    -0.004    -0.013     0.007    -0.000
    -1.103     0.614     0.106     0.035    -0.053    -0.034     0.007    -0.005     0.001    -0.015     0.000    -0.007    -0.014    -0.016    -0.000    -0.005    -0.000
     0.030    -0.027    -0.010     0.005    -0.006     0.009     0.004    -0.002    -0.001     0.009    -0.002     0.001     0.002    -0.003     0.000    -0.001     0.000
     0.140    -0.030    -0.015    -0.014    -0.000     0.001    -0.002    -0.005    -0.002     0.000    -0.002    -0.006    -0.010     0.001    -0.003    -0.003     0.000
    -0.016     0.006     0.000     0.001     0.005     0.003     0.000    -0.003    -0.002     0.000    -0.002     0.001    -0.001     0.000     0.001    -0.001     0.000
    -0.012     0.004     0.002     0.003     0.001    -0.002     0.000    -0.000    -0.003     0.001     0.002    -0.001     0.002     0.000     0.002    -0.000    -0.000
     0.080    -0.059    -0.041     0.034     0.046     0.004    -0.028     0.006    -0.009    -0.008     0.011    -0.007    -0.014     0.004    -0.006     0.010     0.000
     0.122    -0.133     0.077     0.088    -0.025     0.001     0.001    -0.006    -0.008    -0.011     0.007    -0.006    -0.013    -0.004     0.002    -0.006     0.000
    -0.012     0.008    -0.007    -0.006    -0.003     0.002     0.002    -0.001     0.003     0.002    -0.000    -0.001    -0.002    -0.001     0.001     0.004    -0.000
    -0.025     0.041    -0.001    -0.009    -0.001    -0.002    -0.002    -0.002    -0.001     0.000    -0.002    -0.003    -0.004    -0.001     0.001    -0.002    -0.000
     0.002    -0.001     0.001     0.001    -0.000     0.001    -0.001    -0.000    -0.000    -0.000    -0.000    -0.001    -0.000     0.000     0.000    -0.000     0.000
     0.000    -0.002     0.000     0.003     0.001     0.001     0.001     0.001     0.000     0.001    -0.000     0.000     0.000     0.000     0.000    -0.000     0.000
    -0.001     0.000    -0.000     0.000     0.000    -0.000     0.000    -0.000     0.000    -0.000    -0.000     0.000    -0.000    -0.000     0.000    -0.000    -0.000
     0.003     0.000    -0.000    -0.000    -0.000    -0.001    -0.000    -0.000    -0.000     0.000     0.000    -0.000    -0.000     0.000     0.000     0.000    -0.000
     0.111    -0.068    -0.117     0.020     0.029    -0.001    -0.006     0.002    -0.015    -0.010    -0.003    -0.006    -0.027     0.001    -0.001     0.005     0.000
     0.445    -0.183     0.059     0.023    -0.014     0.009    -0.007    -0.001    -0.006    -0.008     0.005    -0.004    -0.009     0.004     0.003     0.001     0.000
    -0.020     0.014    -0.002    -0.003    -0.004     0.000     0.000    -0.001     0.001    -0.000     0.000     0.000     0.000     0.000     0.001     0.000    -0.000
    -0.044     0.036     0.002     0.001    -0.002    -0.001    -0.001    -0.002    -0.001     0.001    -0.002    -0.002    -0.000    -0.000    -0.000    -0.001    -0.000
    -0.001    -0.000     0.000    -0.000    -0.000     0.000    -0.000    -0.000     0.000     0.000    -0.000    -0.000     0.001    -0.000     0.000    -0.000     0.000
     0.003    -0.001    -0.000     0.001     0.000     0.000     0.000     0.000     0.000     0.000    -0.000     0.000     0.000    -0.000    -0.000     0.000     0.000
     0.000     0.000     0.000     0.000     0.000     0.000     0.000     0.000     0.000     0.000     0.000     0.000     0.000     0.000     0.000     0.000     0.000
    -0.000     0.000     0.000    -0.000    -0.000    -0.000    -0.000     0.000     0.000    -0.000    -0.000     0.000    -0.000    -0.000     0.000     0.000    -0.000
     0.000     0.000     0.000     0.000     0.000     0.000     0.000     0.000     0.000     0.000     0.000     0.000     0.000     0.000     0.000     0.000     0.000
     0.000     0.000     0.000     0.000     0.000     0.000     0.000     0.000     0.000     0.000     0.000     0.000     0.000     0.000     0.000     0.000     0.000
    -0.012     0.008    -0.123    -0.001    -0.003    -0.007     0.011     0.008    -0.011    -0.003    -0.004    -0.003    -0.018     0.002     0.003     0.004     0.000
     0.227    -0.009     0.034    -0.023    -0.008     0.002    -0.006     0.001    -0.003    -0.005    -0.001    -0.001    -0.001     0.000     0.002     0.004    -0.000
    -0.007     0.001     0.001     0.002    -0.002     0.001     0.001     0.000    -0.000     0.001    -0.000     0.001     0.001    -0.000     0.000    -0.001     0.000
    -0.016     0.006     0.001     0.007    -0.000     0.001    -0.000    -0.001     0.000     0.001    -0.001    -0.001     0.001    -0.001    -0.001    -0.000     0.000
     0.001     0.000     0.000     0.000    -0.000     0.000    -0.000     0.000    -0.000    -0.000     0.000     0.000     0.000     0.000     0.000    -0.000     0.000
     0.002     0.000    -0.000    -0.000     0.000    -0.000    -0.000     0.000     0.000    -0.000    -0.000     0.000    -0.000    -0.000     0.000    -0.000    -0.000
     0.000     0.000     0.000     0.000     0.000     0.000     0.000     0.000     0.000     0.000     0.000     0.000     0.000     0.000     0.000     0.000     0.000
     0.000     0.000     0.000     0.000     0.000     0.000     0.000     0.000     0.000     0.000     0.000     0.000     0.000     0.000     0.000     0.000     0.000
     0.000     0.000     0.000     0.000     0.000     0.000     0.000     0.000     0.000     0.000     0.000     0.000     0.000     0.000     0.000     0.000     0.000
     0.000     0.000     0.000     0.000     0.000     0.000     0.000     0.000     0.000     0.000     0.000     0.000     0.000     0.000     0.000     0.000     0.000
     0.000     0.000     0.000     0.000     0.000     0.000     0.000     0.000     0.000     0.000     0.000     0.000     0.000     0.000     0.000     0.000     0.000
     0.000     0.000     0.000     0.000     0.000     0.000     0.000     0.000     0.000     0.000     0.000     0.000     0.000     0.000     0.000     0.000     0.000
    -0.033     0.038    -0.067    -0.008    -0.016    -0.007     0.015     0.004    -0.001     0.007    -0.009    -0.004    -0.008    -0.000     0.003     0.004     0.000
     0.012     0.067     0.007    -0.021     0.001    -0.007    -0.002     0.001    -0.001     0.000    -0.004     0.000    -0.001    -0.002     0.000     0.002    -0.000
     0.007    -0.006     0.000     0.003     0.000     0.001    -0.000    -0.001    -0.000     0.001    -0.000     0.000     0.001     0.000    -0.000    -0.000     0.000
     0.013    -0.006     0.001     0.004     0.000     0.001    -0.000    -0.001     0.000     0.001    -0.000    -0.000    -0.000    -0.000    -0.001    -0.000     0.000
    -0.000     0.000     0.000    -0.000    -0.000     0.000    -0.000    -0.000    -0.000    -0.000     0.000     0.000     0.000    -0.000    -0.000    -0.000    -0.000
     0.000     0.001    -0.000     0.000     0.000    -0.000    -0.000    -0.000    -0.000     0.000     0.000     0.000    -0.000     0.000     0.000    -0.000    -0.000
     0.000     0.000     0.000     0.000     0.000     0.000     0.000     0.000     0.000     0.000     0.000     0.000     0.000     0.000     0.000     0.000     0.000
     0.000     0.000     0.000     0.000     0.000     0.000     0.000     0.000     0.000     0.000     0.000     0.000     0.000     0.000     0.000     0.000     0.000
     0.000     0.000     0.000     0.000     0.000     0.000     0.000     0.000     0.000     0.000     0.000     0.000     0.000     0.000     0.000     0.000     0.000
     0.000     0.000     0.000     0.000     0.000     0.000     0.000     0.000     0.000     0.000     0.000     0.000     0.000     0.000     0.000     0.000     0.000
     0.000     0.000     0.000     0.000     0.000     0.000     0.000     0.000     0.000     0.000     0.000     0.000     0.000     0.000     0.000     0.000     0.000
     0.000     0.000     0.000     0.000     0.000     0.000     0.000     0.000     0.000     0.000     0.000     0.000     0.000     0.000     0.000     0.000     0.000
     0.000     0.000     0.000     0.000     0.000     0.000     0.000     0.000     0.000     0.000     0.000     0.000     0.000     0.000     0.000     0.000     0.000
     0.000     0.000     0.000     0.000     0.000     0.000     0.000     0.000     0.000     0.000     0.000     0.000     0.000     0.000     0.000     0.000     0.000
    -0.005     0.016    -0.013    -0.001    -0.017    -0.001     0.001    -0.001     0.003     0.007    -0.004    -0.000     0.001    -0.001     0.000     0.001     0.000
    -0.047     0.045    -0.009    -0.007     0.005    -0.009    -0.002    -0.000    -0.000     0.002    -0.002    -0.001    -0.003    -0.001    -0.000    -0.000    -0.000
     0.005    -0.003    -0.002     0.001     0.001    -0.000    -0.000    -0.000    -0.000     0.000     0.001     0.000     0.001     0.000    -0.000    -0.000     0.000
     0.014    -0.003     0.000     0.000     0.000     0.001    -0.000     0.000     0.000     0.000     0.000    -0.000    -0.000    -0.000    -0.000    -0.000     0.000
    -0.000     0.000     0.000    -0.000    -0.000    -0.000     0.000     0.000    -0.000    -0.000    -0.000    -0.000    -0.000    -0.000     0.000     0.000    -0.000
    -0.001     0.001    -0.000     0.000    -0.000    -0.000     0.000    -0.000    -0.000     0.000    -0.000     0.000     0.000    -0.000    -0.000    -0.000    -0.000
     0.000     0.000     0.000     0.000     0.000     0.000     0.000     0.000     0.000     0.000     0.000     0.000     0.000     0.000     0.000     0.000     0.000
     0.000     0.000     0.000     0.000     0.000     0.000     0.000     0.000     0.000     0.000     0.000     0.000     0.000     0.000     0.000     0.000     0.000
     0.000     0.000     0.000     0.000     0.000     0.000     0.000     0.000     0.000     0.000     0.000     0.000     0.000     0.000     0.000     0.000     0.000
     0.000     0.000     0.000     0.000     0.000     0.000     0.000     0.000     0.000     0.000     0.000     0.000     0.000     0.000     0.000     0.000     0.000
     0.000     0.000     0.000     0.000     0.000     0.000     0.000     0.000     0.000     0.000     0.000     0.000     0.000     0.000     0.000     0.000     0.000
     0.000     0.000     0.000     0.000     0.000     0.000     0.000     0.000     0.000     0.000     0.000     0.000     0.000     0.000     0.000     0.000     0.000
     0.000     0.000     0.000     0.000     0.000     0.000     0.000     0.000     0.000     0.000     0.000     0.000     0.000     0.000     0.000     0.000     0.000
     0.000     0.000     0.000     0.000     0.000     0.000     0.000     0.000     0.000     0.000     0.000     0.000     0.000     0.000     0.000     0.000     0.000
     0.000     0.000     0.000     0.000     0.000     0.000     0.000     0.000     0.000     0.000     0.000     0.000     0.000     0.000     0.000     0.000     0.000
     0.000     0.000     0.000     0.000     0.000     0.000     0.000     0.000     0.000     0.000     0.000     0.000     0.000     0.000     0.000     0.000     0.000
     0.004    -0.010     0.014     0.002    -0.012    -0.003    -0.002     0.001     0.003     0.006     0.003     0.000     0.001    -0.000    -0.001     0.002    -0.000
    -0.033     0.003    -0.011     0.000     0.003    -0.006    -0.003    -0.000     0.000     0.001    -0.000    -0.002    -0.002    -0.000    -0.001     0.000     0.000
     0.001     0.001    -0.002    -0.000     0.000    -0.000     0.000    -0.000    -0.000    -0.000     0.000     0.000     0.000     0.000     0.000    -0.000     0.000
     0.004     0.002     0.000    -0.001     0.000    -0.000    -0.000     0.000    -0.000    -0.000     0.000     0.000     0.000     0.000    -0.000    -0.000    -0.000
     0.000     0.000     0.000     0.000     0.000     0.000     0.000     0.000     0.000     0.000     0.000     0.000     0.000     0.000     0.000     0.000     0.000
     0.000     0.000     0.000     0.000     0.000     0.000     0.000     0.000     0.000     0.000     0.000     0.000     0.000     0.000     0.000     0.000     0.000
     0.000     0.000     0.000     0.000     0.000     0.000     0.000     0.000     0.000     0.000     0.000     0.000     0.000     0.000     0.000     0.000     0.000
     0.000     0.000     0.000     0.000     0.000     0.000     0.000     0.000     0.000     0.000     0.000     0.000     0.000     0.000     0.000     0.000     0.000
     0.000     0.000     0.000     0.000     0.000     0.000     0.000     0.000     0.000     0.000     0.000     0.000     0.000     0.000     0.000     0.000     0.000
     0.000     0.000     0.000     0.000     0.000     0.000     0.000     0.000     0.000     0.000     0.000     0.000     0.000     0.000     0.000     0.000     0.000
     0.000     0.000     0.000     0.000     0.000     0.000     0.000     0.000     0.000     0.000     0.000     0.000     0.000     0.000     0.000     0.000     0.000
     0.000     0.000     0.000     0.000     0.000     0.000     0.000     0.000     0.000     0.000     0.000     0.000     0.000     0.000     0.000     0.000     0.000
     0.000     0.000     0.000     0.000     0.000     0.000     0.000     0.000     0.000     0.000     0.000     0.000     0.000     0.000     0.000     0.000     0.000
     0.000     0.000     0.000     0.000     0.000     0.000     0.000     0.000     0.000     0.000     0.000     0.000     0.000     0.000     0.000     0.000     0.000
     0.000     0.000     0.000     0.000     0.000     0.000     0.000     0.000     0.000     0.000     0.000     0.000     0.000     0.000     0.000     0.000     0.000
     0.000     0.000     0.000     0.000     0.000     0.000     0.000     0.000     0.000     0.000     0.000     0.000     0.000     0.000     0.000     0.000     0.000
     0.000     0.000     0.000     0.000     0.000     0.000     0.000     0.000     0.000     0.000     0.000     0.000     0.000     0.000     0.000     0.000     0.000
     0.000     0.000     0.000     0.000     0.000     0.000     0.000     0.000     0.000     0.000     0.000     0.000     0.000     0.000     0.000     0.000     0.000
    -0.003    -0.007     0.020    -0.001    -0.005    -0.003    -0.002    -0.000     0.001     0.002     0.004    -0.000     0.000     0.001    -0.001     0.000    -0.000
    -0.020    -0.014    -0.006     0.001    -0.001    -0.003    -0.003    -0.000     0.000    -0.001     0.000    -0.000    -0.000     0.001    -0.001     0.001     0.000
    -0.001     0.002    -0.001    -0.000    -0.000    -0.000     0.001    -0.000    -0.000    -0.000    -0.000    -0.000     0.000    -0.000    -0.000    -0.000    -0.000
    -0.002     0.003    -0.000     0.000     0.000    -0.001    -0.000     0.000    -0.000    -0.000     0.000     0.000    -0.000    -0.000    -0.000    -0.000    -0.000
     0.000     0.000     0.000     0.000     0.000     0.000     0.000     0.000     0.000     0.000     0.000     0.000     0.000     0.000     0.000     0.000     0.000
     0.000     0.000     0.000     0.000     0.000     0.000     0.000     0.000     0.000     0.000     0.000     0.000     0.000     0.000     0.000     0.000     0.000
     0.000     0.000     0.000     0.000     0.000     0.000     0.000     0.000     0.000     0.000     0.000     0.000     0.000     0.000     0.000     0.000     0.000
     0.000     0.000     0.000     0.000     0.000     0.000     0.000     0.000     0.000     0.000     0.000     0.000     0.000     0.000     0.000     0.000     0.000
     0.000     0.000     0.000     0.000     0.000     0.000     0.000     0.000     0.000     0.000     0.000     0.000     0.000     0.000     0.000     0.000     0.000
     0.000     0.000     0.000     0.000     0.000     0.000     0.000     0.000     0.000     0.000     0.000     0.000     0.000     0.000     0.000     0.000     0.000
     0.000     0.000     0.000     0.000     0.000     0.000     0.000     0.000     0.000     0.000     0.000     0.000     0.000     0.000     0.000     0.000     0.000
     0.000     0.000     0.000     0.000     0.000     0.000     0.000     0.000     0.000     0.000     0.000     0.000     0.000     0.000     0.000     0.000     0.000
     0.000     0.000     0.000     0.000     0.000     0.000     0.000     0.000     0.000     0.000     0.000     0.000     0.000     0.000     0.000     0.000     0.000
     0.000     0.000     0.000     0.000     0.000     0.000     0.000     0.000     0.000     0.000     0.000     0.000     0.000     0.000     0.000     0.000     0.000
     0.000     0.000     0.000     0.000     0.000     0.000     0.000     0.000     0.000     0.000     0.000     0.000     0.000     0.000     0.000     0.000     0.000
     0.000     0.000     0.000     0.000     0.000     0.000     0.000     0.000     0.000     0.000     0.000     0.000     0.000     0.000     0.000     0.000     0.000
     0.000     0.000     0.000     0.000     0.000     0.000     0.000     0.000     0.000     0.000     0.000     0.000     0.000     0.000     0.000     0.000     0.000
     0.000     0.000     0.000     0.000     0.000     0.000     0.000     0.000     0.000     0.000     0.000     0.000     0.000     0.000     0.000     0.000     0.000
     0.000     0.000     0.000     0.000     0.000     0.000     0.000     0.000     0.000     0.000     0.000     0.000     0.000     0.000     0.000     0.000     0.000
     0.000     0.000     0.000     0.000     0.000     0.000     0.000     0.000     0.000     0.000     0.000     0.000     0.000     0.000     0.000     0.000     0.000
    -0.004    -0.000     0.016    -0.000     0.000     0.002    -0.003    -0.001     0.000    -0.001     0.001    -0.001     0.001    -0.000    -0.001    -0.001    -0.000
    -0.013    -0.016    -0.002     0.002    -0.004     0.002    -0.001     0.001    -0.000    -0.001    -0.001     0.000    -0.000    -0.001    -0.001     0.000     0.000
    -0.001     0.001    -0.000     0.000    -0.000    -0.000     0.000     0.000     0.000    -0.000    -0.000    -0.000     0.000     0.000     0.000    -0.000     0.000
    -0.003     0.001    -0.000     0.000    -0.000    -0.000     0.000    -0.000    -0.000     0.000     0.000    -0.000     0.000    -0.000    -0.000     0.000     0.000
     0.000     0.000     0.000     0.000     0.000     0.000     0.000     0.000     0.000     0.000     0.000     0.000     0.000     0.000     0.000     0.000     0.000
     0.000     0.000     0.000     0.000     0.000     0.000     0.000     0.000     0.000     0.000     0.000     0.000     0.000     0.000     0.000     0.000     0.000
     0.000     0.000     0.000     0.000     0.000     0.000     0.000     0.000     0.000     0.000     0.000     0.000     0.000     0.000     0.000     0.000     0.000
     0.000     0.000     0.000     0.000     0.000     0.000     0.000     0.000     0.000     0.000     0.000     0.000     0.000     0.000     0.000     0.000     0.000
     0.000     0.000     0.000     0.000     0.000     0.000     0.000     0.000     0.000     0.000     0.000     0.000     0.000     0.000     0.000     0.000     0.000
     0.000     0.000     0.000     0.000     0.000     0.000     0.000     0.000     0.000     0.000     0.000     0.000     0.000     0.000     0.000     0.000     0.000
     0.000     0.000     0.000     0.000     0.000     0.000     0.000     0.000     0.000     0.000     0.000     0.000     0.000     0.000     0.000     0.000     0.000
     0.000     0.000     0.000     0.000     0.000     0.000     0.000     0.000     0.000     0.000     0.000     0.000     0.000     0.000     0.000     0.000     0.000
     0.000     0.000     0.000     0.000     0.000     0.000     0.000     0.000     0.000     0.000     0.000     0.000     0.000     0.000     0.000     0.000     0.000
     0.000     0.000     0.000     0.000     0.000     0.000     0.000     0.000     0.000     0.000     0.000     0.000     0.000     0.000     0.000     0.000     0.000
     0.000     0.000     0.000     0.000     0.000     0.000     0.000     0.000     0.000     0.000     0.000     0.000     0.000     0.000     0.000     0.000     0.000
     0.000     0.000     0.000     0.000     0.000     0.000     0.000     0.000     0.000     0.000     0.000     0.000     0.000     0.000     0.000     0.000     0.000
     0.000     0.000     0.000     0.000     0.000     0.000     0.000     0.000     0.000     0.000     0.000     0.000     0.000     0.000     0.000     0.000     0.000
     0.000     0.000     0.000     0.000     0.000     0.000     0.000     0.000     0.000     0.000     0.000     0.000     0.000     0.000     0.000     0.000     0.000
     0.000     0.000     0.000     0.000     0.000     0.000     0.000     0.000     0.000     0.000     0.000     0.000     0.000     0.000     0.000     0.000     0.000
     0.000     0.000     0.000     0.000     0.000     0.000     0.000     0.000     0.000     0.000     0.000     0.000     0.000     0.000     0.000     0.000     0.000
     0.000     0.000     0.000     0.000     0.000     0.000     0.000     0.000     0.000     0.000     0.000     0.000     0.000     0.000     0.000     0.000     0.000
     0.000     0.000     0.000     0.000     0.000     0.000     0.000     0.000     0.000     0.000     0.000     0.000     0.000     0.000     0.000     0.000     0.000
     0.001    -0.001     0.007     0.000     0.002     0.002    -0.001    -0.001     0.000    -0.000    -0.002    -0.000     0.000    -0.001    -0.001    -0.000     0.000
    -0.002    -0.010     0.000     0.002    -0.003     0.002     0.000     0.000    -0.001    -0.001    -0.001    -0.000    -0.001    -0.001    -0.000     0.000     0.000
    -0.000     0.000     0.000     0.000    -0.000    -0.000     0.000     0.000    -0.000    -0.000    -0.000     0.000     0.000     0.000    -0.000    -0.000     0.000
    -0.001    -0.001    -0.001    -0.000    -0.000    -0.000     0.000    -0.000     0.000     0.000     0.000    -0.000     0.000    -0.000     0.000     0.000    -0.000
     0.000     0.000     0.000     0.000     0.000     0.000     0.000     0.000     0.000     0.000     0.000     0.000     0.000     0.000     0.000     0.000     0.000
     0.000     0.000     0.000     0.000     0.000     0.000     0.000     0.000     0.000     0.000     0.000     0.000     0.000     0.000     0.000     0.000     0.000
     0.000     0.000     0.000     0.000     0.000     0.000     0.000     0.000     0.000     0.000     0.000     0.000     0.000     0.000     0.000     0.000     0.000
     0.000     0.000     0.000     0.000     0.000     0.000     0.000     0.000     0.000     0.000     0.000     0.000     0.000     0.000     0.000     0.000     0.000
     0.000     0.000     0.000     0.000     0.000     0.000     0.000     0.000     0.000     0.000     0.000     0.000     0.000     0.000     0.000     0.000     0.000
     0.000     0.000     0.000     0.000     0.000     0.000     0.000     0.000     0.000     0.000     0.000     0.000     0.000     0.000     0.000     0.000     0.000
     0.000     0.000     0.000     0.000     0.000     0.000     0.000     0.000     0.000     0.000     0.000     0.000     0.000     0.000     0.000     0.000     0.000
     0.000     0.000     0.000     0.000     0.000     0.000     0.000     0.000     0.000     0.000     0.000     0.000     0.000     0.000     0.000     0.000     0.000
     0.000     0.000     0.000     0.000     0.000     0.000     0.000     0.000     0.000     0.000     0.000     0.000     0.000     0.000     0.000     0.000     0.000
     0.000     0.000     0.000     0.000     0.000     0.000     0.000     0.000     0.000     0.000     0.000     0.000     0.000     0.000     0.000     0.000     0.000
     0.000     0.000     0.000     0.000     0.000     0.000     0.000     0.000     0.000     0.000     0.000     0.000     0.000     0.000     0.000     0.000     0.000
     0.000     0.000     0.000     0.000     0.000     0.000     0.000     0.000     0.000     0.000     0.000     0.000     0.000     0.000     0.000     0.000     0.000
     0.000     0.000     0.000     0.000     0.000     0.000     0.000     0.000     0.000     0.000     0.000     0.000     0.000     0.000     0.000     0.000     0.000
     0.000     0.000     0.000     0.000     0.000     0.000     0.000     0.000     0.000     0.000     0.000     0.000     0.000     0.000     0.000     0.000     0.000
     0.000     0.000     0.000     0.000     0.000     0.000     0.000     0.000     0.000     0.000     0.000     0.000     0.000     0.000     0.000     0.000     0.000
     0.000     0.000     0.000     0.000     0.000     0.000     0.000     0.000     0.000     0.000     0.000     0.000     0.000     0.000     0.000     0.000     0.000
     0.000     0.000     0.000     0.000     0.000     0.000     0.000     0.000     0.000     0.000     0.000     0.000     0.000     0.000     0.000     0.000     0.000
     0.000     0.000     0.000     0.000     0.000     0.000     0.000     0.000     0.000     0.000     0.000     0.000     0.000     0.000     0.000     0.000     0.000
     0.000     0.000     0.000     0.000     0.000     0.000     0.000     0.000     0.000     0.000     0.000     0.000     0.000     0.000     0.000     0.000     0.000
     0.000     0.000     0.000     0.000     0.000     0.000     0.000     0.000     0.000     0.000     0.000     0.000     0.000     0.000     0.000     0.000     0.000
