    -1.710     1.147    -1.875    -0.116     0.650    -0.006     0.017    -0.006    -0.081     0.074     0.096    -0.019    -0.047     0.072    -0.021     0.043    -0.000
    -2.361     1.199    -4.810    -0.017     1.367    -0.014     0.014     0.030    -0.170     0.095     0.134    -0.023    -0.137     0.074    -0.034     0.056     0.000
    -1.249     0.099    -5.417     0.128     1.084    -0.051     0.021     0.041    -0.079    -0.021     0.080    -0.007    -0.105    -0.024     0.024     0.085     0.000
    -0.280     0.379    -3.919     0.012     0.311     0.059     0.164     0.003    -0.046    -0.037     0.012     0.026    -0.013    -0.061     0.063     0.106     0.000
     0.259     0.689    -1.678    -0.055    -0.445     0.058     0.249     0.001     0.012    -0.015    -0.051     0.026     0.015    -0.024     0.040     0.033     0.000
     0.264     0.263     0.011     0.019    -0.719     0.002     0.131     0.007     0.073    -0.008    -0.026     0.004     0.007     0.009     0.004    -0.008    -0.000
     0.163    -0.118     0.536     0.040    -0.469     0.009    -0.056     0.000     0.082    -0.011    -0.003    -0.019     0.015     0.002    -0.007    -0.018     0.000
    -0.006    -0.122     0.394     0.045    -0.022    -0.017    -0.152    -0.009     0.040    -0.017     0.011    -0.009     0.013    -0.000     0.008    -0.018    -0.000
    -0.056     0.025     0.207     0.026     0.246    -0.025    -0.122     0.009    -0.020    -0.016     0.015     0.005    -0.009    -0.013     0.008    -0.013    -0.000
    -0.054     0.067     0.109    -0.013     0.269     0.017    -0.032    -0.012    -0.047     0.002    -0.008     0.005     0.004    -0.018     0.008     0.008    -0.000
    -0.004     0.014     0.016    -0.030     0.174     0.036     0.054    -0.022    -0.046    -0.000    -0.021    -0.006     0.026    -0.008     0.008     0.017    -0.000
    -0.016    -0.025    -0.081    -0.019     0.028     0.019     0.084    -0.005    -0.010    -0.012    -0.031    -0.010     0.026    -0.008    -0.000    -0.005     0.000
    -0.028    -0.014    -0.069     0.000    -0.027     0.005     0.045    -0.006     0.012     0.004    -0.023    -0.001     0.013    -0.002    -0.001    -0.009     0.000
    -2.136     0.699    -0.022    -0.494     0.291     0.019    -0.202    -0.031     0.134     0.055    -0.046     0.085     0.016    -0.008     0.016     0.001    -0.000
    -6.862     6.600     0.125    -0.985    -0.201    -0.118     0.031     0.035    -0.087     0.018     0.041     0.105    -0.074     0.031     0.050     0.003    -0.000
    -1.413     0.889    -0.032    -0.233     0.205     0.069    -0.189     0.027     0.079     0.020    -0.054     0.053     0.030    -0.040     0.044     0.027    -0.000
    -4.661     3.868     0.193    -0.271    -0.104    -0.187     0.003    -0.008    -0.035     0.022     0.029     0.035    -0.013     0.043     0.008    -0.003    -0.000
    -0.081    -0.048     0.033     0.008    -0.003    -0.005     0.039    -0.025    -0.035     0.024     0.025    -0.021     0.006     0.012    -0.007    -0.010     0.000
     0.496    -0.216    -0.091    -0.053     0.016     0.026     0.028    -0.003    -0.021    -0.000     0.027    -0.032    -0.008    -0.009     0.011    -0.034     0.000
    -0.323     0.191    -0.121     0.058     0.190     0.029    -0.088     0.026     0.009     0.003    -0.041     0.022     0.016    -0.027     0.024    -0.005     0.000
    -0.974     0.593     0.162     0.282    -0.060    -0.069     0.018    -0.008    -0.023     0.001     0.004     0.002     0.004     0.016     0.000    -0.009    -0.000
     0.038    -0.026    -0.025    -0.018    -0.012    -0.007     0.007    -0.004    -0.017     0.007     0.004    -0.008    -0.001     0.006    -0.003    -0.005     0.000
     0.128     0.046    -0.028    -0.050     0.000    -0.002     0.003    -0.002    -0.004    -0.003     0.002    -0.010     0.000    -0.004     0.002    -0.008    -0.000
    -0.015     0.003     0.004    -0.004     0.000    -0.003     0.004     0.002    -0.002    -0.002     0.001     0.001    -0.001     0.004    -0.001    -0.001    -0.000
    -0.015     0.001     0.010     0.005     0.005    -0.001     0.000    -0.002     0.003    -0.001    -0.001     0.000     0.002     0.001    -0.001    -0.001     0.000
     0.241    -0.281    -0.230     0.123     0.119    -0.003    -0.033     0.015    -0.014    -0.003    -0.013     0.006     0.009    -0.005     0.002    -0.013     0.000
     0.608    -0.470     0.133     0.185    -0.060     0.030     0.020    -0.004     0.001    -0.017    -0.007    -0.007     0.006     0.007    -0.002    -0.002     0.000
    -0.040     0.040    -0.010    -0.022    -0.014    -0.006    -0.002     0.002    -0.004    -0.000     0.002    -0.001    -0.002    -0.000    -0.000    -0.000    -0.000
    -0.063     0.103    -0.006    -0.010    -0.003    -0.016     0.001     0.001    -0.002    -0.003     0.002    -0.000     0.002    -0.002    -0.001     0.000    -0.000
     0.004    -0.004     0.001     0.002    -0.001     0.001     0.001     0.001     0.000    -0.000    -0.000     0.001    -0.000     0.000    -0.000     0.000     0.000
     0.004    -0.006     0.001     0.005     0.002     0.001    -0.001    -0.001     0.000     0.001     0.000     0.000    -0.001     0.000     0.000    -0.000     0.000
    -0.001     0.001     0.000    -0.000    -0.000     0.001     0.000    -0.000    -0.000    -0.000     0.000    -0.000    -0.000    -0.000    -0.000    -0.000    -0.000
     0.002     0.001     0.000    -0.000     0.000    -0.000    -0.000     0.000     0.000     0.000    -0.000     0.000    -0.000     0.000    -0.000     0.000    -0.000
     0.174    -0.117    -0.283     0.010     0.018     0.034     0.020     0.009    -0.023     0.000     0.003    -0.005     0.004    -0.004    -0.002    -0.006     0.000
     0.605    -0.169     0.077    -0.022    -0.035     0.046     0.003     0.010     0.005    -0.011    -0.005    -0.006     0.002     0.001    -0.005     0.000     0.000
    -0.032     0.021    -0.006    -0.003    -0.005    -0.004    -0.002     0.000    -0.000    -0.000    -0.001    -0.001    -0.000    -0.001    -0.000    -0.001    -0.000
    -0.041     0.039     0.001     0.022    -0.002    -0.008     0.002    -0.001    -0.002     0.001     0.001     0.001     0.001    -0.001    -0.000    -0.000     0.000
     0.000    -0.001     0.001    -0.000    -0.000     0.000     0.001     0.000    -0.001    -0.000     0.000    -0.000    -0.000     0.000     0.000    -0.000     0.000
     0.004    -0.000    -0.000     0.001     0.001     0.001    -0.000     0.000     0.000     0.000    -0.000     0.000     0.000    -0.000     0.000     0.000     0.000
     0.000     0.000     0.000     0.000     0.000     0.000     0.000     0.000     0.000     0.000     0.000     0.000     0.000     0.000     0.000     0.000     0.000
    -0.000     0.001    -0.000    -0.000     0.000    -0.000     0.000     0.000    -0.000     0.000    -0.000    -0.000     0.000    -0.000    -0.000     0.000    -0.000
     0.000     0.000     0.000     0.000     0.000     0.000     0.000     0.000     0.000     0.000     0.000     0.000     0.000     0.000     0.000     0.000     0.000
     0.000     0.000     0.000     0.000     0.000     0.000     0.000     0.000     0.000     0.000     0.000     0.000     0.000     0.000     0.000     0.000     0.000
    -0.059     0.093    -0.204    -0.046    -0.045     0.021     0.038    -0.001    -0.006    -0.004    -0.004    -0.007     0.006    -0.001    -0.003    -0.002     0.000
     0.149     0.180     0.019    -0.065     0.002     0.005    -0.009     0.007     0.001     0.000     0.000    -0.007    -0.004    -0.005    -0.004    -0.003    -0.000
     0.001    -0.013    -0.003     0.009     0.000    -0.002    -0.001    -0.001     0.000    -0.000    -0.001     0.000    -0.001    -0.000    -0.000    -0.001     0.000
     0.004    -0.006     0.004     0.016    -0.001     0.001     0.002    -0.002     0.000     0.001     0.001     0.000    -0.000    -0.000     0.000    -0.000     0.000
     0.000     0.001     0.001    -0.000    -0.000     0.000     0.000     0.000    -0.000    -0.000     0.000    -0.000    -0.000     0.000     0.000    -0.000    -0.000
     0.001     0.002    -0.000     0.000     0.000    -0.000    -0.000     0.000     0.000    -0.000    -0.000     0.000    -0.000    -0.000    -0.000     0.000    -0.000
     0.000     0.000     0.000     0.000     0.000     0.000     0.000     0.000     0.000     0.000     0.000     0.000     0.000     0.000     0.000     0.000     0.000
     0.000     0.000     0.000     0.000     0.000     0.000     0.000     0.000     0.000     0.000     0.000     0.000     0.000     0.000     0.000     0.000     0.000
     0.000     0.000     0.000     0.000     0.000     0.000     0.000     0.000     0.000     0.000     0.000     0.000     0.000     0.000     0.000     0.000     0.000
     0.000     0.000     0.000     0.000     0.000     0.000     0.000     0.000     0.000     0.000     0.000     0.000     0.000     0.000     0.000     0.000     0.000
     0.000     0.000     0.000     0.000     0.000     0.000     0.000     0.000     0.000     0.000     0.000     0.000     0.000     0.000     0.000     0.000     0.000
     0.000     0.000     0.000     0.000     0.000     0.000     0.000     0.000     0.000     0.000     0.000     0.000     0.000     0.000     0.000     0.000     0.000
    -0.068     0.083    -0.069    -0.007    -0.067    -0.002     0.017     0.002     0.010    -0.005    -0.010    -0.003     0.000    -0.004    -0.002    -0.001     0.000
    -0.070     0.171    -0.013    -0.014     0.018    -0.025    -0.009     0.001    -0.002     0.002     0.001    -0.002    -0.005    -0.001    -0.002    -0.003    -0.000
     0.012    -0.013    -0.002     0.003     0.001     0.002     0.001    -0.000    -0.001    -0.000     0.000     0.000    -0.001     0.000    -0.000     0.000     0.000
     0.022    -0.004     0.003     0.002    -0.000     0.004     0.001     0.000     0.000    -0.000    -0.000     0.001    -0.000    -0.000     0.000     0.000     0.000
    -0.001     0.001     0.000     0.000    -0.000    -0.000     0.000     0.000    -0.000     0.000     0.000     0.000    -0.000     0.000     0.000    -0.000    -0.000
     0.000     0.001    -0.000     0.000     0.000    -0.000    -0.000     0.000     0.000     0.000    -0.000    -0.000     0.000    -0.000    -0.000    -0.000     0.000
     0.000     0.000     0.000     0.000     0.000     0.000     0.000     0.000     0.000     0.000     0.000     0.000     0.000     0.000     0.000     0.000     0.000
     0.000     0.000     0.000     0.000     0.000     0.000     0.000     0.000     0.000     0.000     0.000     0.000     0.000     0.000     0.000     0.000     0.000
     0.000     0.000     0.000     0.000     0.000     0.000     0.000     0.000     0.000     0.000     0.000     0.000     0.000     0.000     0.000     0.000     0.000
     0.000     0.000     0.000     0.000     0.000     0.000     0.000     0.000     0.000     0.000     0.000     0.000     0.000     0.000     0.000     0.000     0.000
     0.000     0.000     0.000     0.000     0.000     0.000     0.000     0.000     0.000     0.000     0.000     0.000     0.000     0.000     0.000     0.000     0.000
     0.000     0.000     0.000     0.000     0.000     0.000     0.000     0.000     0.000     0.000     0.000     0.000     0.000     0.000     0.000     0.000     0.000
     0.000     0.000     0.000     0.000     0.000     0.000     0.000     0.000     0.000     0.000     0.000     0.000     0.000     0.000     0.000     0.000     0.000
     0.000     0.000     0.000     0.000     0.000     0.000     0.000     0.000     0.000     0.000     0.000     0.000     0.000     0.000     0.000     0.000     0.000
    -0.008     0.006     0.023     0.011    -0.052    -0.002    -0.006    -0.001     0.017    -0.001    -0.005    -0.002    -0.002    -0.006    -0.002     0.001     0.000
    -0.066     0.031    -0.020     0.018     0.005    -0.021    -0.001    -0.002    -0.003    -0.001     0.001     0.002    -0.003     0.002    -0.000     0.000     0.000
     0.003     0.001    -0.003    -0.003    -0.000     0.002     0.002    -0.000    -0.001     0.000     0.001     0.000    -0.000     0.000     0.000     0.000    -0.000
     0.010     0.006     0.001    -0.003     0.000     0.001    -0.000     0.000     0.001    -0.000     0.000     0.000     0.000     0.000     0.000     0.000    -0.000
    -0.000    -0.000     0.000     0.000    -0.000    -0.000    -0.000    -0.000     0.000     0.000    -0.000    -0.000     0.000     0.000    -0.000    -0.000     0.000
    -0.000     0.000     0.000     0.001    -0.000    -0.000    -0.000    -0.000    -0.000     0.000     0.000    -0.000     0.000    -0.000    -0.000    -0.000     0.000
     0.000     0.000     0.000     0.000     0.000     0.000     0.000     0.000     0.000     0.000     0.000     0.000     0.000     0.000     0.000     0.000     0.000
     0.000     0.000     0.000     0.000     0.000     0.000     0.000     0.000     0.000     0.000     0.000     0.000     0.000     0.000     0.000     0.000     0.000
     0.000     0.000     0.000     0.000     0.000     0.000     0.000     0.000     0.000     0.000     0.000     0.000     0.000     0.000     0.000     0.000     0.000
     0.000     0.000     0.000     0.000     0.000     0.000     0.000     0.000     0.000     0.000     0.000     0.000     0.000     0.000     0.000     0.000     0.000
     0.000     0.000     0.000     0.000     0.000     0.000     0.000     0.000     0.000     0.000     0.000     0.000     0.000     0.000     0.000     0.000     0.000
     0.000     0.000     0.000     0.000     0.000     0.000     0.000     0.000     0.000     0.000     0.000     0.000     0.000     0.000     0.000     0.000     0.000
     0.000     0.000     0.000     0.000     0.000     0.000     0.000     0.000     0.000     0.000     0.000     0.000     0.000     0.000     0.000     0.000     0.000
     0.000     0.000     0.000     0.000     0.000     0.000     0.000     0.000     0.000     0.000     0.000     0.000     0.000     0.000     0.000     0.000     0.000
     0.000     0.000     0.000     0.000     0.000     0.000     0.000     0.000     0.000     0.000     0.000     0.000     0.000     0.000     0.000     0.000     0.000
     0.000     0.000     0.000     0.000     0.000     0.000     0.000     0.000     0.000     0.000     0.000     0.000     0.000     0.000     0.000     0.000     0.000
     0.015    -0.021     0.039     0.001    -0.012     0.001    -0.015    -0.006     0.013     0.001     0.004    -0.002     0.001     0.002    -0.000     0.004    -0.000
    -0.022    -0.047    -0.011     0.013    -0.009    -0.002     0.003    -0.005    -0.003     0.001     0.000     0.003     0.001     0.002    -0.000     0.002     0.000
    -0.002     0.004    -0.003    -0.002    -0.001    -0.000     0.001     0.000    -0.000    -0.000     0.000    -0.000    -0.000     0.000     0.000     0.000    -0.000
    -0.001     0.007    -0.001    -0.001     0.000    -0.001    -0.001    -0.000     0.000     0.001    -0.000    -0.000     0.000     0.000     0.000     0.000    -0.000
     0.000    -0.000    -0.000     0.000     0.000    -0.000    -0.000    -0.000     0.000     0.000    -0.000     0.000    -0.000    -0.000     0.000     0.000     0.000
     0.000     0.000     0.000     0.000     0.000     0.000     0.000    -0.000     0.000    -0.000     0.000    -0.000     0.000    -0.000     0.000    -0.000    -0.000
     0.000     0.000     0.000     0.000     0.000     0.000     0.000     0.000     0.000     0.000     0.000     0.000     0.000     0.000     0.000     0.000     0.000
     0.000     0.000     0.000     0.000     0.000     0.000     0.000     0.000     0.000     0.000     0.000     0.000     0.000     0.000     0.000     0.000     0.000
     0.000     0.000     0.000     0.000     0.000     0.000     0.000     0.000     0.000     0.000     0.000     0.000     0.000     0.000     0.000     0.000     0.000
     0.000     0.000     0.000     0.000     0.000     0.000     0.000     0.000     0.000     0.000     0.000     0.000     0.000     0.000     0.000     0.000     0.000
     0.000     0.000     0.000     0.000     0.000     0.000     0.000     0.000     0.000     0.000     0.000     0.000     0.000     0.000     0.000     0.000     0.000
     0.000     0.000     0.000     0.000     0.000     0.000     0.000     0.000     0.000     0.000     0.000     0.000     0.000     0.000     0.000     0.000     0.000
     0.000     0.000     0.000     0.000     0.000     0.000     0.000     0.000     0.000     0.000     0.000     0.000     0.000     0.000     0.000     0.000     0.000
     0.000     0.000     0.000     0.000     0.000     0.000     0.000     0.000     0.000     0.000     0.000     0.000     0.000     0.000     0.000     0.000     0.000
     0.000     0.000     0.000     0.000     0.000     0.000     0.000     0.000     0.000     0.000     0.000     0.000     0.000     0.000     0.000     0.000     0.000
     0.000     0.000     0.000     0.000     0.000     0.000     0.000     0.000     0.000     0.000     0.000     0.000     0.000     0.000     0.000     0.000     0.000
     0.000     0.000     0.000     0.000     0.000     0.000     0.000     0.000     0.000     0.000     0.000     0.000     0.000     0.000     0.000     0.000     0.000
     0.000     0.000     0.000     0.000     0.000     0.000     0.000     0.000     0.000     0.000     0.000     0.000     0.000     0.000     0.000     0.000     0.000
     0.007    -0.009     0.016    -0.007     0.010    -0.001    -0.012     0.000     0.002    -0.002     0.005    -0.002     0.000     0.003    -0.001     0.001    -0.000
    -0.007    -0.048    -0.001    -0.002    -0.010     0.009     0.002    -0.001     0.001     0.001    -0.000     0.001     0.002     0.000    -0.001     0.002     0.000
    -0.002     0.001    -0.001     0.000    -0.002    -0.001     0.000     0.000     0.000    -0.000    -0.000     0.000    -0.000    -0.000     0.000    -0.000     0.000
    -0.004     0.001    -0.001     0.001     0.000    -0.001    -0.000    -0.000     0.000     0.000     0.000    -0.000    -0.000    -0.000     0.000    -0.000     0.000
     0.000     0.000     0.000     0.000     0.000     0.000     0.000     0.000     0.000     0.000     0.000     0.000     0.000     0.000     0.000     0.000     0.000
     0.000     0.000     0.000     0.000     0.000     0.000     0.000     0.000     0.000     0.000     0.000     0.000     0.000     0.000     0.000     0.000     0.000
     0.000     0.000     0.000     0.000     0.000     0.000     0.000     0.000     0.000     0.000     0.000     0.000     0.000     0.000     0.000     0.000     0.000
     0.000     0.000     0.000     0.000     0.000     0.000     0.000     0.000     0.000     0.000     0.000     0.000     0.000     0.000     0.000     0.000     0.000
     0.000     0.000     0.000     0.000     0.000     0.000     0.000     0.000     0.000     0.000     0.000     0.000     0.000     0.000     0.000     0.000     0.000
     0.000     0.000     0.000     0.000     0.000     0.000     0.000     0.000     0.000     0.000     0.000     0.000     0.000     0.000     0.000     0.000     0.000
     0.000     0.000     0.000     0.000     0.000     0.000     0.000     0.000     0.000     0.000     0.000     0.000     0.000     0.000     0.000     0.000     0.000
     0.000     0.000     0.000     0.000     0.000     0.000     0.000     0.000     0.000     0.000     0.000     0.000     0.000     0.000     0.000     0.000     0.000
     0.000     0.000     0.000     0.000     0.000     0.000     0.000     0.000     0.000     0.000     0.000     0.000     0.000     0.000     0.000     0.000     0.000
     0.000     0.000     0.000     0.000     0.000     0.000     0.000     0.000     0.000     0.000     0.000     0.000     0.000     0.000     0.000     0.000     0.000
     0.000     0.000     0.000     0.000     0.000     0.000     0.000     0.000     0.000     0.000     0.000     0.000     0.000     0.000     0.000     0.000     0.000
     0.000     0.000     0.000     0.000     0.000     0.000     0.000     0.000     0.000     0.000     0.000     0.000     0.000     0.000     0.000     0.000     0.000
     0.000     0.000     0.000     0.000     0.000     0.000     0.000     0.000     0.000     0.000     0.000     0.000     0.000     0.000     0.000     0.000     0.000
     0.000     0.000     0.000     0.000     0.000     0.000     0.000     0.000     0.000     0.000     0.000     0.000     0.000     0.000     0.000     0.000     0.000
     0.000     0.000     0.000     0.000     0.000     0.000     0.000     0.000     0.000     0.000     0.000     0.000     0.000     0.000     0.000     0.000     0.000
     0.000     0.000     0.000     0.000     0.000     0.000     0.000     0.000     0.000     0.000     0.000     0.000     0.000     0.000     0.000     0.000     0.000
    -0.002     0.003     0.002    -0.006     0.016    -0.003    -0.003    -0.001    -0.005    -0.000     0.002    -0.000    -0.000    -0.000    -0.001    -0.000    -0.000
    -0.004    -0.020     0.003    -0.011    -0.004     0.009    -0.001     0.004     0.003     0.001     0.000    -0.001    -0.000     0.000    -0.001    -0.001    -0.000
    -0.000    -0.001     0.001     0.001    -0.001    -0.000    -0.000     0.000     0.000    -0.000    -0.000     0.000    -0.000     0.000    -0.000    -0.000     0.000
    -0.002    -0.002    -0.001     0.001    -0.000    -0.000     0.000    -0.000     0.000    -0.000    -0.000     0.000    -0.000    -0.000    -0.000    -0.000     0.000
     0.000     0.000     0.000     0.000     0.000     0.000     0.000     0.000     0.000     0.000     0.000     0.000     0.000     0.000     0.000     0.000     0.000
     0.000     0.000     0.000     0.000     0.000     0.000     0.000     0.000     0.000     0.000     0.000     0.000     0.000     0.000     0.000     0.000     0.000
     0.000     0.000     0.000     0.000     0.000     0.000     0.000     0.000     0.000     0.000     0.000     0.000     0.000     0.000     0.000     0.000     0.000
     0.000     0.000     0.000     0.000     0.000     0.000     0.000     0.000     0.000     0.000     0.000     0.000     0.000     0.000     0.000     0.000     0.000
     0.000     0.000     0.000     0.000     0.000     0.000     0.000     0.000     0.000     0.000     0.000     0.000     0.000     0.000     0.000     0.000     0.000
     0.000     0.000     0.000     0.000     0.000     0.000     0.000     0.000     0.000     0.000     0.000     0.000     0.000     0.000     0.000     0.000     0.000
     0.000     0.000     0.000     0.000     0.000     0.000     0.000     0.000     0.000     0.000     0.000     0.000     0.000     0.000     0.000     0.000     0.000
     0.000     0.000     0.000     0.000     0.000     0.000     0.000     0.000     0.000     0.000     0.000     0.000     0.000     0.000     0.000     0.000     0.000
     0.000     0.000     0.000     0.000     0.000     0.000     0.000     0.000     0.000     0.000     0.000     0.000     0.000     0.000     0.000     0.000     0.000
     0.000     0.000     0.000     0.000     0.000     0.000     0.000     0.000     0.000     0.000     0.000     0.000     0.000     0.000     0.000     0.000     0.000
     0.000     0.000     0.000     0.000     0.000     0.000     0.000     0.000     0.000     0.000     0.000     0.000     0.000     0.000     0.000     0.000     0.000
     0.000     0.000     0.000     0.000     0.000     0.000     0.000     0.000     0.000     0.000     0.000     0.000     0.000     0.000     0.000     0.000     0.000
     0.000     0.000     0.000     0.000     0.000     0.000     0.000     0.000     0.000     0.000     0.000     0.000     0.000     0.000     0.000     0.000     0.000
     0.000     0.000     0.000     0.000     0.000     0.000     0.000     0.000     0.000     0.000     0.000     0.000     0.000     0.000     0.000     0.000     0.000
     0.000     0.000     0.000     0.000     0.000     0.000     0.000     0.000     0.000     0.000     0.000     0.000     0.000     0.000     0.000     0.000     0.000
     0.000     0.000     0.000     0.000     0.000     0.000     0.000     0.000     0.000     0.000     0.000     0.000     0.000     0.000     0.000     0.000     0.000
     0.000     0.000     0.000     0.000     0.000     0.000     0.000     0.000     0.000     0.000     0.000     0.000     0.000     0.000     0.000     0.000     0.000
     0.000     0.000     0.000     0.000     0.000     0.000     0.000     0.000     0.000     0.000     0.000     0.000     0.000     0.000     0.000     0.000     0.000
    -0.001     0.003     0.001    -0.003     0.010    -0.002     0.003    -0.002    -0.005     0.001    -0.000     0.000    -0.001    -0.000     0.000     0.000    -0.000
     0.003    -0.003     0.003    -0.007     0.001     0.004    -0.001     0.004     0.002     0.000     0.000    -0.001    -0.001     0.001     0.000    -0.001    -0.000
     0.000    -0.001     0.000     0.000    -0.000    -0.000    -0.000    -0.000     0.000    -0.000     0.000    -0.000    -0.000     0.000    -0.000    -0.000     0.000
    -0.000    -0.002    -0.000    -0.000    -0.000     0.000     0.000     0.000     0.000    -0.000    -0.000     0.000    -0.000    -0.000    -0.000     0.000     0.000
     0.000     0.000     0.000     0.000     0.000     0.000     0.000     0.000     0.000     0.000     0.000     0.000     0.000     0.000     0.000     0.000     0.000
     0.000     0.000     0.000     0.000     0.000     0.000     0.000     0.000     0.000     0.000     0.000     0.000     0.000     0.000     0.000     0.000     0.000
     0.000     0.000     0.000     0.000     0.000     0.000     0.000     0.000     0.000     0.000     0.000     0.000     0.000     0.000     0.000     0.000     0.000
     0.000     0.000     0.000     0.000     0.000     0.000     0.000     0.000     0.000     0.000     0.000     0.000     0.000     0.000     0.000     0.000     0.000
     0.000     0.000     0.000     0.000     0.000     0.000     0.000     0.000     0.000     0.000     0.000     0.000     0.000     0.000     0.000     0.000     0.000
     0.000     0.000     0.000     0.000     0.000     0.000     0.000     0.000     0.000     0.000     0.000     0.000     0.000     0.000     0.000     0.000     0.000
     0.000     0.000     0.000     0.000     0.000     0.000     0.000     0.000     0.000     0.000     0.000     0.000     0.000     0.000     0.000     0.000     0.000
     0.000     0.000     0.000     0.000     0.000     0.000     0.000     0.000     0.000     0.000     0.000     0.000     0.000     0.000     0.000     0.000     0.000
     0.000     0.000     0.000     0.000     0.000     0.000     0.000     0.000     0.000     0.000     0.000     0.000     0.000     0.000     0.000     0.000     0.000
     0.000     0.000     0.000     0.000     0.000     0.000     0.000     0.000     0.000     0.000     0.000     0.000     0.000     0.000     0.000     0.000     0.000
     0.000     0.000     0.000     0.000     0.000     0.000     0.000     0.000     0.000     0.000     0.000     0.000     0.000     0.000     0.000     0.000     0.000
     0.000     0.000     0.000     0.000     0.000     0.000     0.000     0.000     0.000     0.000     0.000     0.000     0.000     0.000     0.000     0.000     0.000
     0.000     0.000     0.000     0.000     0.000     0.000     0.000     0.000     0.000     0.000     0.000     0.000     0.000     0.000     0.000     0.000     0.000
     0.000     0.000     0.000     0.000     0.000     0.000     0.000     0.000     0.000     0.000     0.000     0.000     0.000     0.000     0.000     0.000     0.000
     0.000     0.000     0.000     0.000     0.000     0.000     0.000     0.000     0.000     0.000     0.000     0.000     0.000     0.000     0.000     0.000     0.000
     0.000     0.000     0.000     0.000     0.000     0.000     0.000     0.000     0.000     0.000     0.000     0.000     0.000     0.000     0.000     0.000     0.000
     0.000     0.000     0.000     0.000     0.000     0.000     0.000     0.000     0.000     0.000     0.000     0.000     0.000     0.000     0.000     0.000     0.000
     0.000     0.000     0.000     0.000     0.000     0.000     0.000     0.000     0.000     0.000     0.000     0.000     0.000     0.000     0.000     0.000     0.000
     0.000     0.000     0.000     0.000     0.000     0.000     0.000     0.000     0.000     0.000     0.000     0.000     0.000     0.000     0.000     0.000     0.000
     0.000     0.000     0.000     0.000     0.000     0.000     0.000     0.000     0.000     0.000     0.000     0.000     0.000     0.000     0.000     0.000     0.000
