   0    13.527     1.344     0.332    -0.583     0.154    -0.321     0.059     0.139    -0.000
   1    -2.419    -0.976    -0.069     0.999    -0.406    -0.254     0.055     0.023     0.000
   2     2.684    -0.624     1.738     0.378     0.798     0.023     0.186    -0.087     0.000
   3    -0.796    -0.644    -0.038    -0.094     0.363     0.157    -0.057     0.079    -0.000
   4     0.447    -0.171     0.203     0.133    -0.179    -0.243    -0.020     0.074    -0.000
   5    -0.227     0.002    -0.142     0.051     0.045     0.042    -0.040    -0.005     0.000
   6    -0.224    -0.150    -0.260    -0.069     0.008     0.089     0.106    -0.042    -0.000
   7    -0.079    -0.227    -0.000    -0.067     0.195     0.048    -0.007    -0.130     0.000
   8     0.128     0.052    -0.052    -0.112    -0.055     0.046    -0.003     0.048    -0.000
   9     0.005     0.016     0.057     0.039     0.031    -0.050     0.041     0.057    -0.000
  10    -0.012     0.055     0.018     0.081     0.002     0.026     0.031    -0.033     0.000
  11    -0.040     0.004    -0.040    -0.021     0.029    -0.006    -0.005     0.017    -0.000
  12    -0.006    -0.005    -0.040    -0.012     0.018     0.003    -0.007    -0.008     0.000
