   0     7.301    -2.708    -0.279     0.663     0.181    -0.036    -0.119     0.087     0.000
   1     2.253     0.021    -0.117    -0.440    -0.051     0.268     0.103     0.101    -0.000
   2    -1.649     1.271     0.374    -0.142    -0.185    -0.096     0.065     0.039     0.000
   3    -0.905     1.333    -0.054    -0.393     0.103     0.171    -0.027    -0.032    -0.000
   4    -0.204    -0.550     0.123     0.280     0.016    -0.124    -0.042     0.111    -0.000
   5    -0.287     0.128    -0.030    -0.023     0.006    -0.079    -0.004    -0.023     0.000
   6     0.299     0.149     0.097    -0.088    -0.127    -0.045     0.052     0.046    -0.000
   7    -0.000    -0.108    -0.013     0.075    -0.002    -0.034     0.042    -0.015     0.000
   8    -0.149     0.026    -0.054    -0.013     0.076    -0.044     0.002     0.054    -0.000
   9     0.070    -0.019    -0.013    -0.032     0.039    -0.011    -0.002    -0.033     0.000
  10     0.070     0.020    -0.025     0.048     0.023    -0.006    -0.026     0.011    -0.000
  11    -0.036    -0.029    -0.021     0.005    -0.002     0.023    -0.011    -0.020     0.000
  12     0.028    -0.025    -0.007     0.006    -0.018     0.004    -0.002     0.004    -0.000
