   0     4.019    -1.503    -0.168     0.491     0.152    -0.045    -0.090     0.029     0.000
   1     1.201    -1.117    -0.047     0.417     0.021     0.006    -0.018     0.118    -0.000
   2    -0.624     1.045     0.052    -0.400    -0.131     0.059     0.050     0.010     0.000
   3    -0.241     0.181     0.046    -0.020     0.092     0.061    -0.011     0.062    -0.000
   4    -0.585     0.424     0.087    -0.035    -0.031     0.038     0.007     0.020     0.000
   5    -0.149     0.104     0.007     0.022     0.021    -0.048     0.004     0.022     0.000
   6     0.245     0.077     0.020    -0.043    -0.031    -0.001     0.016     0.006    -0.000
   7    -0.028    -0.073     0.017     0.049    -0.021    -0.022     0.024     0.006    -0.000
   8    -0.023     0.038    -0.041    -0.033    -0.037    -0.006     0.005     0.019    -0.000
   9     0.061    -0.039     0.030     0.004    -0.027    -0.006     0.014    -0.006    -0.000
  10     0.050     0.026    -0.036    -0.021     0.025    -0.005    -0.012     0.004     0.000
  11    -0.003    -0.041     0.014     0.002    -0.018     0.002     0.006    -0.000    -0.000
  12    -0.028    -0.016    -0.013     0.004     0.000    -0.002    -0.009    -0.007     0.000
