   0    13.838    -4.441     0.627    -0.084    -0.269     0.318    -0.213    -0.117    -0.000
   1     1.020     2.305     0.637    -0.623    -0.285    -0.312     0.040     0.558    -0.000
   2     1.774    -2.014     2.259     0.570    -0.977     0.109     0.039    -0.127    -0.000
   3    -1.513     1.719     0.303    -0.103     0.308    -0.143    -0.166     0.040     0.000
   4     0.829    -0.398    -0.387     0.076     0.103    -0.069     0.015    -0.058     0.000
   5    -0.181    -0.214     0.108     0.205     0.057     0.069    -0.027     0.023    -0.000
   6    -0.335     0.177     0.244    -0.158    -0.335     0.025     0.055    -0.152     0.000
   7    -0.093    -0.206    -0.026     0.279     0.144    -0.111    -0.036     0.019    -0.000
   8    -0.035    -0.160    -0.097    -0.077     0.209     0.073     0.033    -0.029     0.000
   9    -0.010    -0.013     0.015     0.042     0.025    -0.009     0.017     0.086    -0.000
  10     0.012     0.056     0.027    -0.046    -0.033     0.083     0.018    -0.040     0.000
  11     0.039     0.005    -0.009     0.036     0.002    -0.039    -0.009     0.026    -0.000
  12    -0.046     0.029    -0.028     0.016     0.027    -0.010     0.003    -0.016     0.000
