   0     2.452    -0.465    -0.073     0.172     0.033    -0.049    -0.014     0.036     0.000
   1     0.434    -0.434    -0.046     0.230     0.064    -0.071     0.001     0.134    -0.000
   2     0.056     0.171     0.015    -0.130    -0.057     0.015     0.017    -0.038     0.000
   3    -0.141    -0.049     0.025     0.012     0.027    -0.008    -0.019     0.027    -0.000
   4    -0.240     0.142     0.039    -0.016     0.012     0.027     0.001    -0.034     0.000
   5    -0.084     0.009    -0.017    -0.010     0.060    -0.046    -0.018     0.002     0.000
   6     0.205     0.082    -0.008    -0.039    -0.031     0.012     0.007    -0.028     0.000
   7    -0.053    -0.023    -0.022     0.003     0.012    -0.024    -0.008    -0.003     0.000
   8    -0.008     0.024    -0.033    -0.023    -0.018    -0.004     0.006     0.004     0.000
   9     0.034     0.012    -0.004     0.008    -0.006     0.002     0.000     0.010    -0.000
  10     0.026     0.018    -0.008    -0.012     0.002     0.001    -0.006    -0.010     0.000
  11     0.003    -0.005     0.004     0.013    -0.000     0.001     0.006     0.015    -0.000
  12    -0.039    -0.023     0.004    -0.002     0.012     0.003    -0.007    -0.008     0.000
