   0     5.953    -2.322    -0.222     0.637     0.189     0.060    -0.081     0.017    -0.000
   1     1.730    -0.510     0.053    -0.177    -0.133     0.333     0.155    -0.011    -0.000
   2    -1.633     1.536     0.309    -0.337    -0.131    -0.027    -0.004     0.036     0.000
   3    -0.627     0.850     0.067    -0.209     0.183     0.247    -0.038    -0.021    -0.000
   4    -0.563    -0.172     0.155     0.197     0.025    -0.092    -0.071     0.092    -0.000
   5    -0.249     0.162     0.025    -0.060     0.008    -0.005     0.010    -0.055     0.000
   6     0.373    -0.069     0.085    -0.024    -0.057    -0.051     0.028     0.053    -0.000
   7     0.019    -0.094     0.007     0.091    -0.002    -0.006     0.056    -0.007    -0.000
   8    -0.060     0.027    -0.046    -0.036     0.006    -0.029     0.001     0.040    -0.000
   9     0.087    -0.018    -0.004    -0.021     0.025    -0.008     0.016    -0.037     0.000
  10     0.034     0.035    -0.027     0.025     0.035    -0.010    -0.024     0.023    -0.000
  11    -0.008    -0.048    -0.012     0.006    -0.002     0.006     0.001    -0.026     0.000
  12     0.001    -0.012    -0.014     0.004    -0.014    -0.001    -0.006    -0.001     0.000
