   0     9.061    -3.172    -0.317     0.684     0.179    -0.056    -0.163     0.083    -0.000
   1     3.003     0.636    -0.331    -0.540     0.074     0.249     0.036     0.193    -0.000
   2    -1.204     0.671     0.410     0.085    -0.252    -0.220     0.057     0.057    -0.000
   3    -1.185     1.943    -0.114    -0.514     0.035     0.126    -0.025     0.025     0.000
   4     0.223    -0.721     0.131     0.272    -0.041    -0.112    -0.043     0.062    -0.000
   5    -0.289     0.138    -0.045     0.106    -0.006    -0.076    -0.039     0.028    -0.000
   6     0.102     0.358     0.107    -0.141    -0.189    -0.022     0.036    -0.016     0.000
   7     0.015    -0.177    -0.001     0.117    -0.002    -0.035     0.003    -0.024     0.000
   8    -0.244    -0.064    -0.048     0.015     0.109    -0.045     0.003     0.032    -0.000
   9     0.056    -0.022     0.004    -0.052     0.016    -0.006     0.006    -0.021     0.000
  10     0.120    -0.046    -0.041     0.027     0.031     0.026    -0.024    -0.010    -0.000
  11    -0.053    -0.006    -0.007    -0.008    -0.014     0.030    -0.011    -0.013     0.000
  12     0.020    -0.007     0.002    -0.004    -0.016     0.018     0.008    -0.004     0.000
