   0     3.176    -0.943    -0.135     0.338     0.119    -0.090    -0.080     0.043    -0.000
   1     0.778    -0.833    -0.089     0.399     0.119    -0.101    -0.062     0.156    -0.000
   2    -0.184     0.547    -0.009    -0.286    -0.115     0.063     0.064    -0.038     0.000
   3    -0.165     0.008    -0.008     0.027     0.076    -0.001    -0.037     0.041    -0.000
   4    -0.407     0.336     0.036    -0.071    -0.023     0.051     0.027    -0.037     0.000
   5    -0.117     0.064    -0.049     0.007     0.076    -0.041    -0.010     0.017     0.000
   6     0.192     0.133    -0.004    -0.062    -0.033     0.012     0.016    -0.032     0.000
   7    -0.050    -0.028    -0.034     0.012     0.008    -0.023    -0.000    -0.001    -0.000
   8    -0.026     0.048    -0.030    -0.029    -0.018    -0.011     0.009     0.014    -0.000
   9     0.040    -0.002     0.006     0.008    -0.008    -0.002     0.001     0.004    -0.000
  10     0.040     0.024    -0.016    -0.015     0.010    -0.004    -0.014    -0.002     0.000
  11     0.000    -0.022     0.017     0.008    -0.004    -0.001     0.002     0.013    -0.000
  12    -0.034    -0.026    -0.004     0.004     0.010    -0.002    -0.009    -0.001    -0.000
