   0     1.410    -0.101    -0.016     0.043    -0.006    -0.016    -0.014    -0.020     0.000
   1     0.182    -0.159    -0.048     0.034     0.014     0.022    -0.042     0.047    -0.000
   2     0.097     0.029     0.029     0.030    -0.055     0.031    -0.066     0.013    -0.000
   3    -0.102    -0.023    -0.003     0.005     0.004    -0.034    -0.021     0.007    -0.000
   4    -0.056     0.052     0.088     0.032     0.037     0.017    -0.014    -0.017     0.000
   5    -0.076    -0.003     0.000    -0.012     0.043    -0.045    -0.016    -0.021     0.000
   6     0.156    -0.010     0.010    -0.008    -0.064     0.014     0.000     0.012    -0.000
   7    -0.048    -0.028    -0.022    -0.005    -0.000    -0.014    -0.008     0.002     0.000
   8     0.016    -0.025    -0.006    -0.034    -0.006    -0.010     0.015    -0.006     0.000
   9     0.030     0.003    -0.004     0.002     0.006    -0.005     0.010     0.002    -0.000
  10     0.013    -0.011    -0.002    -0.017    -0.002    -0.010     0.008    -0.008     0.000
  11     0.000    -0.008    -0.012     0.002    -0.002     0.006     0.001     0.007    -0.000
  12    -0.030    -0.013     0.009    -0.006    -0.002     0.002    -0.004    -0.002     0.000
