   0     1.887    -0.244    -0.034     0.065    -0.021    -0.019     0.018     0.015    -0.000
   1     0.253    -0.223    -0.005     0.087     0.004    -0.018     0.025     0.092    -0.000
   2     0.122     0.047     0.043    -0.012    -0.045     0.000    -0.028    -0.015     0.000
   3    -0.138    -0.046     0.053     0.002    -0.018    -0.015    -0.006     0.012    -0.000
   4    -0.127     0.048     0.068     0.032     0.023     0.017    -0.012    -0.012     0.000
   5    -0.082    -0.006     0.019    -0.008     0.033    -0.049    -0.022    -0.011     0.000
   6     0.199     0.014    -0.004    -0.023    -0.045     0.009     0.007    -0.010     0.000
   7    -0.057    -0.018    -0.009    -0.001     0.002    -0.024    -0.009     0.000     0.000
   8     0.010    -0.015    -0.026    -0.031    -0.014    -0.003     0.011    -0.003     0.000
   9     0.030     0.010    -0.005     0.006    -0.006    -0.000     0.006     0.011    -0.000
  10     0.021    -0.002    -0.006    -0.021    -0.002     0.001     0.002    -0.014     0.000
  11     0.008    -0.003    -0.010     0.008    -0.000     0.002     0.006     0.011    -0.000
  12    -0.036    -0.013     0.010    -0.006     0.008     0.005    -0.006    -0.010     0.000
