   0    11.371     2.275    -0.625    -0.198    -0.154    -0.409     0.145     0.076    -0.000
   1    -1.697    -0.791     0.436     0.453     0.070     0.054     0.207     0.206    -0.000
   2     1.449    -0.266     0.544     0.417     0.554     0.036     0.095     0.019    -0.000
   3     0.128    -0.257    -0.458    -0.450    -0.220    -0.140    -0.181     0.090     0.000
   4     0.544     0.221     0.074     0.234     0.191    -0.178    -0.128     0.043     0.000
   5    -0.358    -0.111    -0.040     0.030    -0.129     0.077    -0.083    -0.072     0.000
   6     0.050     0.030     0.152    -0.044     0.004     0.093     0.029     0.104    -0.000
   7    -0.093    -0.272    -0.095    -0.070    -0.018    -0.086    -0.006    -0.063     0.000
   8     0.026    -0.032     0.038    -0.074     0.043     0.034     0.089     0.003    -0.000
   9    -0.034    -0.088     0.010    -0.039    -0.029    -0.059    -0.038     0.013     0.000
  10     0.016    -0.029     0.077     0.005     0.049    -0.024     0.038    -0.043     0.000
  11    -0.049    -0.031    -0.007    -0.065    -0.012    -0.017    -0.004    -0.026     0.000
  12    -0.040    -0.002     0.005    -0.002     0.018    -0.012     0.013    -0.007     0.000
