   0    12.563    -4.477     0.179     0.410    -0.140     0.167    -0.182    -0.085    -0.000
   1     2.697     1.506     0.280    -0.702    -0.152    -0.007     0.002     0.467    -0.000
   2     0.660    -1.220     1.372     0.533    -0.792    -0.194     0.073    -0.014    -0.000
   3    -1.517     2.314     0.249    -0.303     0.140    -0.064    -0.085     0.063    -0.000
   4     0.803    -0.627    -0.001     0.102     0.053    -0.145    -0.156    -0.065     0.000
   5    -0.158    -0.062     0.126     0.318     0.047     0.016     0.017     0.010    -0.000
   6    -0.259     0.269     0.179    -0.064    -0.259    -0.037     0.056    -0.128     0.000
   7    -0.033    -0.172    -0.028     0.285     0.146    -0.098    -0.006    -0.009    -0.000
   8    -0.174    -0.185    -0.002    -0.085     0.177     0.007     0.046    -0.013    -0.000
   9    -0.009    -0.025     0.041     0.010     0.000    -0.035     0.049     0.056    -0.000
  10     0.096     0.007    -0.026    -0.050     0.023     0.070     0.002    -0.048     0.000
  11     0.019    -0.015    -0.010     0.027    -0.008    -0.019    -0.007     0.012    -0.000
  12    -0.055     0.037    -0.012    -0.013     0.016    -0.003     0.008    -0.013     0.000
