   0    12.529     2.154    -0.256    -0.297    -0.002    -0.463     0.105     0.102    -0.000
   1    -2.201    -1.556     0.237     0.898    -0.164    -0.129     0.084     0.120    -0.000
   2     2.061    -0.441     1.005     0.391     0.739    -0.047     0.263    -0.063    -0.000
   3    -0.243    -0.583    -0.276    -0.377     0.125    -0.047    -0.092     0.073     0.000
   4     0.483     0.106     0.435     0.237     0.154    -0.237    -0.179     0.072     0.000
   5    -0.289    -0.187    -0.118     0.001    -0.082     0.073    -0.025    -0.029     0.000
   6    -0.166    -0.134     0.001    -0.100     0.057     0.068     0.102     0.038    -0.000
   7    -0.055    -0.276    -0.055    -0.081     0.084    -0.034     0.030    -0.111     0.000
   8     0.054     0.029    -0.014    -0.077    -0.014     0.049     0.038     0.040    -0.000
   9    -0.004    -0.044     0.031     0.005    -0.021    -0.052     0.002     0.060    -0.000
  10    -0.004    -0.001    -0.006     0.062     0.018     0.002     0.060    -0.035     0.000
  11    -0.039    -0.006    -0.017    -0.043     0.008     0.010    -0.002     0.001     0.000
  12    -0.021    -0.014    -0.040     0.004     0.018    -0.007     0.002     0.010    -0.000
