   0    10.058     1.976    -0.944    -0.317    -0.172    -0.229     0.300     0.025     0.000
   1    -1.231     0.009     0.329    -0.047     0.185    -0.075     0.431     0.127    -0.000
   2     0.766    -0.127     0.339     0.274     0.402     0.150    -0.158     0.082    -0.000
   3     0.243     0.202    -0.592    -0.283    -0.242     0.041    -0.131     0.229    -0.000
   4     0.737     0.079    -0.456    -0.014     0.129    -0.424    -0.031    -0.042     0.000
   5    -0.272     0.271     0.019     0.230    -0.113     0.067    -0.234    -0.082     0.000
   6     0.056    -0.014    -0.012     0.024    -0.076     0.097    -0.039     0.090    -0.000
   7    -0.170    -0.009     0.000     0.009     0.016     0.080    -0.009     0.031    -0.000
   8     0.140    -0.063    -0.043    -0.099     0.029    -0.124    -0.003    -0.028     0.000
   9    -0.106    -0.077     0.064     0.026     0.033    -0.016    -0.020    -0.010     0.000
  10    -0.040    -0.021     0.165    -0.039     0.064    -0.030    -0.027    -0.071     0.000
  11    -0.070    -0.006     0.014    -0.044    -0.023     0.007     0.015    -0.020     0.000
  12    -0.012     0.035     0.045     0.005    -0.008     0.019     0.033    -0.023     0.000
