   0    14.460    -3.018     0.920    -0.565    -0.252     0.301    -0.215    -0.005    -0.000
   1    -0.881     2.262     0.523     0.091    -0.351    -0.362     0.107     0.317    -0.000
   2     2.654    -2.067     2.756     0.538    -0.497     0.330    -0.112    -0.132     0.000
   3    -1.411     0.740     0.255     0.113     0.255    -0.013    -0.147     0.000    -0.000
   4     0.720    -0.346    -0.552     0.199    -0.158     0.037     0.298     0.003    -0.000
   5    -0.302    -0.061     0.085     0.038     0.074     0.086    -0.083     0.034    -0.000
   6    -0.263     0.004     0.175    -0.210    -0.300     0.110     0.040    -0.173     0.000
   7    -0.129    -0.258    -0.071     0.213     0.129    -0.066    -0.076    -0.014    -0.000
   8     0.117    -0.104    -0.073    -0.043     0.121     0.104     0.046    -0.025     0.000
   9     0.002     0.056    -0.018     0.054     0.031    -0.023     0.001     0.064    -0.000
  10    -0.020     0.032     0.098    -0.052    -0.043     0.096     0.008    -0.035     0.000
  11    -0.013     0.036    -0.028     0.015     0.029    -0.071    -0.013     0.035    -0.000
  12    -0.030     0.020    -0.006     0.010     0.006    -0.007    -0.007    -0.019     0.000
