   0    10.905    -3.841    -0.196     0.653     0.070     0.021    -0.187    -0.001    -0.000
   1     3.319     1.030    -0.203    -0.574     0.060     0.223    -0.015     0.268    -0.000
   2    -0.407    -0.202     0.678     0.330    -0.454    -0.295     0.026     0.049    -0.000
   3    -1.426     2.378     0.032    -0.463    -0.002     0.075    -0.042     0.063     0.000
   4     0.590    -0.765     0.180     0.211    -0.064    -0.114    -0.118    -0.034    -0.000
   5    -0.247     0.137     0.038     0.255     0.021    -0.020    -0.038     0.034    -0.000
   6    -0.127     0.363     0.137    -0.110    -0.213    -0.019     0.034    -0.101     0.000
   7     0.026    -0.198    -0.020     0.228     0.057    -0.055    -0.013    -0.024    -0.000
   8    -0.262    -0.164     0.008    -0.034     0.125    -0.027     0.024    -0.000    -0.000
   9     0.030    -0.008     0.026    -0.030     0.000    -0.028     0.036     0.012    -0.000
  10     0.138    -0.075    -0.042    -0.038     0.047     0.060    -0.015    -0.038     0.000
  11    -0.029    -0.009    -0.002     0.006    -0.012     0.003    -0.008    -0.003    -0.000
  12    -0.029     0.026     0.004    -0.024    -0.006     0.015     0.009    -0.009     0.000
