   0    14.291    -0.591     0.848    -0.753    -0.010     0.010    -0.082     0.135    -0.000
   1    -2.050     0.812     0.086     0.795    -0.450    -0.272     0.124     0.064    -0.000
   2     3.000    -1.302     2.493     0.475     0.372     0.232    -0.065    -0.075     0.000
   3    -1.186    -0.191     0.161     0.154     0.277     0.168    -0.083     0.022    -0.000
   4     0.531    -0.333    -0.326     0.185    -0.396    -0.053     0.286     0.076    -0.000
   5    -0.287     0.113    -0.005     0.016     0.105     0.042    -0.057     0.010     0.000
   6    -0.153    -0.106    -0.147    -0.104    -0.144     0.123     0.057    -0.117     0.000
   7    -0.134    -0.246    -0.047     0.047     0.189     0.011    -0.072    -0.098     0.000
   8     0.182    -0.005    -0.026    -0.077    -0.002     0.075     0.046     0.022    -0.000
   9    -0.000     0.070     0.020     0.034     0.039    -0.054     0.029     0.031    -0.000
  10    -0.000     0.047     0.100     0.016    -0.012     0.063    -0.003    -0.034     0.000
  11    -0.050     0.014    -0.054    -0.012     0.037    -0.063    -0.014     0.025     0.000
  12    -0.019     0.010    -0.001    -0.017     0.002    -0.004    -0.010    -0.023     0.000
