   0     4.929    -1.930    -0.180     0.584     0.170     0.073    -0.066    -0.001    -0.000
   1     1.517    -0.947     0.042     0.179    -0.121     0.244     0.113     0.007    -0.000
   2    -1.189     1.425     0.179    -0.419    -0.096     0.009    -0.014     0.050     0.000
   3    -0.382     0.481     0.108    -0.103     0.162     0.203    -0.007     0.038     0.000
   4    -0.683     0.234     0.148     0.081    -0.004    -0.023    -0.054     0.071    -0.000
   5    -0.185     0.137     0.058    -0.017    -0.016    -0.003     0.020    -0.021     0.000
   6     0.341    -0.061     0.051    -0.001    -0.031    -0.030     0.009     0.041    -0.000
   7     0.012    -0.112     0.045     0.079    -0.027    -0.001     0.049     0.004    -0.000
   8    -0.019     0.016    -0.048    -0.021    -0.047    -0.014     0.003     0.024    -0.000
   9     0.087    -0.049     0.026    -0.011    -0.023    -0.003     0.030    -0.026     0.000
  10     0.044     0.025    -0.042    -0.008     0.039    -0.004    -0.015     0.014    -0.000
  11    -0.003    -0.053     0.005    -0.002    -0.023     0.003     0.013    -0.022     0.000
  12    -0.019    -0.007    -0.020    -0.000    -0.006    -0.002    -0.007    -0.010     0.000
