   0    10.396     2.096    -0.854    -0.268    -0.174    -0.281     0.243     0.039    -0.000
   1    -1.334    -0.109     0.377     0.045     0.170     0.016     0.352     0.171    -0.000
   2     0.957    -0.131     0.369     0.331     0.433     0.124    -0.091     0.068    -0.000
   3     0.230     0.070    -0.565    -0.354    -0.287    -0.035    -0.179     0.177     0.000
   4     0.663     0.133    -0.330     0.071     0.133    -0.310    -0.061    -0.017     0.000
   5    -0.318     0.149    -0.001     0.165    -0.117     0.071    -0.194    -0.089     0.000
   6     0.094     0.055     0.062     0.014    -0.060     0.103    -0.025     0.102    -0.000
   7    -0.144    -0.114    -0.042    -0.027    -0.012     0.009    -0.021     0.001     0.000
   8     0.088    -0.062    -0.003    -0.100     0.043    -0.062     0.036    -0.027     0.000
   9    -0.081    -0.091     0.040    -0.003     0.014    -0.036    -0.033    -0.008     0.000
  10    -0.015    -0.026     0.148    -0.035     0.060    -0.033    -0.006    -0.063     0.000
  11    -0.064    -0.027     0.004    -0.057    -0.021    -0.009     0.006    -0.026     0.000
  12    -0.028     0.019     0.036    -0.002     0.002     0.006     0.027    -0.026     0.000
