   0     6.896    -0.388     0.358     0.108    -0.004     0.106    -0.082     0.088     0.000
   1     1.749     0.234     0.210     0.024     0.082     0.113    -0.072     0.203    -0.000
   2     0.655    -0.092     0.156    -0.021    -0.041    -0.003     0.022     0.017    -0.000
   3    -0.700     0.413     0.017     0.045     0.035     0.131    -0.014     0.074    -0.000
   4    -0.788     0.035    -0.042     0.246     0.082     0.034     0.086     0.059    -0.000
   5    -0.112     0.041     0.219     0.095    -0.041    -0.035     0.029     0.062    -0.000
   6     0.048     0.020    -0.050     0.054    -0.029    -0.009    -0.043     0.020    -0.000
   7    -0.052     0.001     0.026     0.084    -0.074     0.028     0.023     0.021    -0.000
   8    -0.058    -0.036     0.001     0.005     0.055    -0.054    -0.003     0.050    -0.000
   9     0.055     0.006     0.014    -0.029    -0.082     0.008    -0.009    -0.009    -0.000
  10     0.011     0.022    -0.018     0.012     0.027    -0.015     0.001    -0.014     0.000
  11     0.016     0.014     0.004    -0.004    -0.018     0.016     0.009    -0.009    -0.000
  12    -0.004    -0.004     0.019    -0.000     0.018    -0.014     0.003    -0.001     0.000
