   0     3.638     0.073     0.046     0.077    -0.039     0.020    -0.064    -0.003     0.000
   1    -0.712    -0.059    -0.040     0.024    -0.043     0.134     0.024    -0.006    -0.000
   2     0.518    -0.039     0.035    -0.061     0.021    -0.040     0.008     0.001     0.000
   3    -0.752    -0.025    -0.100    -0.019     0.025    -0.039     0.035     0.041     0.000
   4    -0.458     0.086     0.021     0.022    -0.023     0.037     0.087    -0.017    -0.000
   5     0.031     0.057     0.033    -0.027     0.029     0.006     0.032    -0.016     0.000
   6     0.437    -0.012     0.030    -0.064    -0.051     0.017    -0.031    -0.022     0.000
   7    -0.156    -0.051    -0.025     0.015    -0.004     0.006    -0.010     0.012    -0.000
   8    -0.015    -0.088     0.017     0.026     0.018    -0.034     0.005     0.006    -0.000
   9     0.041    -0.001    -0.007     0.004     0.002    -0.003    -0.002    -0.010     0.000
  10    -0.010     0.023    -0.007    -0.010     0.006     0.004    -0.002    -0.006     0.000
  11     0.023    -0.003    -0.004     0.006     0.010     0.009     0.000     0.000    -0.000
  12    -0.015     0.008    -0.003     0.002    -0.006    -0.006    -0.005     0.002     0.000
