   0     2.386     0.073    -0.030     0.029    -0.080    -0.003    -0.058     0.008     0.000
   1    -0.284    -0.144    -0.127    -0.046     0.027    -0.004     0.020     0.028     0.000
   2     0.339     0.021    -0.083    -0.029    -0.060    -0.088    -0.014     0.025    -0.000
   3    -0.240     0.053    -0.052    -0.027    -0.027    -0.007     0.010     0.049    -0.000
   4    -0.069     0.009    -0.018    -0.022    -0.006    -0.033     0.064     0.011     0.000
   5     0.079     0.036     0.031    -0.003     0.012    -0.012     0.024    -0.023     0.000
   6     0.369     0.065    -0.027    -0.045    -0.047     0.014    -0.024    -0.003     0.000
   7    -0.122    -0.032    -0.011     0.000    -0.004     0.006     0.003     0.007    -0.000
   8    -0.019    -0.043    -0.012    -0.004     0.006     0.000     0.001     0.007    -0.000
   9     0.006    -0.010     0.011     0.012    -0.002     0.000    -0.005    -0.001    -0.000
  10     0.017     0.022     0.005     0.007     0.012     0.015    -0.003     0.002    -0.000
  11     0.013    -0.002     0.010     0.010     0.006     0.005     0.000    -0.008     0.000
  12    -0.006     0.015    -0.005    -0.004    -0.002     0.003    -0.003     0.001    -0.000
