   0     4.176     0.012     0.127     0.002    -0.004     0.071    -0.080    -0.028     0.000
   1    -0.575    -0.290    -0.126     0.041    -0.033     0.094    -0.011    -0.093     0.000
   2     0.486    -0.045     0.025    -0.046     0.064    -0.019    -0.005     0.019    -0.000
   3    -1.159    -0.024    -0.094    -0.010    -0.016     0.006     0.026    -0.012     0.000
   4    -0.941     0.090    -0.034     0.048    -0.029     0.015     0.054     0.017    -0.000
   5     0.152    -0.062     0.028    -0.005     0.053    -0.010     0.044    -0.033     0.000
   6     0.395     0.006     0.067    -0.042    -0.012    -0.014    -0.054     0.016     0.000
   7    -0.125    -0.044    -0.001     0.042    -0.033     0.011    -0.013    -0.021     0.000
   8     0.062    -0.063     0.022     0.021     0.043    -0.049    -0.008     0.007     0.000
   9     0.085     0.002    -0.033     0.002    -0.010     0.008    -0.003    -0.019     0.000
  10    -0.049     0.036    -0.015    -0.017     0.014    -0.005    -0.010    -0.001     0.000
  11     0.024    -0.019    -0.006    -0.004     0.002     0.003    -0.007    -0.003    -0.000
  12     0.016    -0.006    -0.009     0.010    -0.000    -0.009    -0.003    -0.008     0.000
