   0     3.373     0.031     0.011     0.126    -0.080    -0.035    -0.050     0.026    -0.000
   1    -0.645     0.014    -0.124    -0.088    -0.068     0.124     0.054     0.004    -0.000
   2     0.486    -0.026    -0.016    -0.056    -0.012    -0.076     0.002    -0.005     0.000
   3    -0.543    -0.029    -0.081    -0.003    -0.014    -0.062     0.047     0.076    -0.000
   4    -0.245     0.060    -0.016    -0.002    -0.014     0.002     0.084    -0.006    -0.000
   5     0.016     0.111     0.033    -0.051     0.008     0.025     0.041    -0.024     0.000
   6     0.432    -0.005    -0.010    -0.066    -0.062     0.019    -0.029    -0.024     0.000
   7    -0.155    -0.037    -0.016     0.017    -0.012     0.007     0.002     0.022    -0.000
   8    -0.027    -0.090    -0.005     0.013     0.016    -0.033     0.003     0.011    -0.000
   9     0.031     0.009     0.007     0.013     0.006     0.004     0.002    -0.001     0.000
  10    -0.005     0.024    -0.000    -0.012     0.004     0.016    -0.000    -0.008     0.000
  11     0.022     0.011     0.006     0.015     0.008     0.012     0.001     0.002    -0.000
  12    -0.014     0.013    -0.005     0.004    -0.010    -0.002    -0.003     0.008    -0.000
