   0     4.328    -0.098     0.170     0.003    -0.043     0.054    -0.061    -0.033     0.000
   1    -0.455    -0.367    -0.155     0.046    -0.078     0.065     0.014    -0.063    -0.000
   2     0.444    -0.009     0.038    -0.030     0.053    -0.038    -0.016     0.003     0.000
   3    -1.114    -0.022    -0.084    -0.016    -0.064     0.015     0.027    -0.014     0.000
   4    -1.096     0.096    -0.048     0.040     0.004     0.011     0.019     0.039    -0.000
   5     0.177    -0.045     0.033    -0.013     0.029    -0.026     0.063     0.001    -0.000
   6     0.326     0.038     0.060    -0.015     0.000    -0.020    -0.071     0.009     0.000
   7    -0.085     0.004     0.006     0.040    -0.027     0.014    -0.002    -0.031     0.000
   8     0.042    -0.033     0.020     0.003     0.041    -0.040    -0.009     0.031    -0.000
   9     0.113     0.006    -0.044     0.000    -0.016     0.009     0.002    -0.011     0.000
  10    -0.029     0.036    -0.022    -0.008     0.023    -0.005    -0.015    -0.001     0.000
  11     0.012    -0.011    -0.004    -0.006    -0.002    -0.005     0.000     0.004    -0.000
  12     0.017    -0.010    -0.012     0.012    -0.000    -0.006    -0.001    -0.011     0.000
