   0     6.418     0.204     0.028     0.099     0.103    -0.007     0.044    -0.048     0.000
   1    -0.357     0.335     0.090     0.157     0.246    -0.009    -0.095     0.089    -0.000
   2    -0.073     0.094     0.111     0.175    -0.025    -0.067    -0.100     0.105    -0.000
   3    -0.181     0.033     0.072     0.134     0.029    -0.027    -0.012     0.043    -0.000
   4    -0.485    -0.117     0.197     0.279    -0.179     0.087    -0.138     0.104    -0.000
   5    -0.214    -0.074     0.024     0.042     0.111    -0.032    -0.092    -0.055     0.000
   6     0.323     0.122    -0.073    -0.045    -0.228     0.211    -0.124     0.072    -0.000
   7     0.005    -0.039     0.018    -0.133     0.027     0.020    -0.010    -0.097     0.000
   8     0.030     0.056    -0.091     0.056    -0.027    -0.014    -0.035     0.050    -0.000
   9     0.075    -0.039    -0.020    -0.053     0.012    -0.053     0.009     0.029    -0.000
  10    -0.026    -0.028    -0.012    -0.022     0.062    -0.064     0.039     0.011     0.000
  11    -0.024     0.055    -0.025     0.010     0.004    -0.022    -0.010    -0.012     0.000
  12    -0.030    -0.021     0.009    -0.016     0.021     0.004     0.003     0.004    -0.000
