   0     5.393    -0.433     0.075     0.092     0.000     0.053    -0.086     0.029     0.000
   1     0.857    -0.527    -0.205     0.147     0.099     0.112    -0.038     0.059    -0.000
   2     0.338    -0.042     0.137    -0.089    -0.049    -0.060     0.034    -0.076     0.000
   3    -0.760     0.138    -0.258    -0.031     0.014     0.064     0.012     0.046    -0.000
   4    -1.237     0.064     0.042     0.032     0.023     0.022     0.050    -0.025    -0.000
   5     0.089     0.057     0.063     0.016     0.035    -0.023     0.045     0.014    -0.000
   6     0.125     0.098    -0.009    -0.056    -0.076    -0.009    -0.041    -0.041     0.000
   7    -0.096     0.038    -0.046     0.031     0.012     0.007     0.004    -0.043     0.000
   8    -0.103    -0.028     0.050    -0.044     0.002    -0.044     0.014     0.059    -0.000
   9     0.142    -0.014    -0.024    -0.023    -0.027     0.002    -0.013    -0.022     0.000
  10     0.036     0.017    -0.028     0.006    -0.004    -0.011     0.010     0.014    -0.000
  11     0.005    -0.007    -0.003    -0.010    -0.006    -0.002     0.014     0.006    -0.000
  12     0.004    -0.025     0.002     0.004    -0.002     0.004     0.001    -0.007     0.000
