   0     7.044     0.429     0.170     0.003    -0.074     0.144    -0.046    -0.007    -0.000
   1    -0.730     0.250     0.165     0.116     0.078     0.006    -0.087     0.113    -0.000
   2     0.419     0.224     0.283     0.140     0.088    -0.019    -0.043     0.075    -0.000
   3    -0.254     0.065     0.108     0.018     0.012     0.093    -0.036     0.135    -0.000
   4    -0.512    -0.082     0.329     0.279    -0.055     0.106    -0.060     0.081    -0.000
   5    -0.318    -0.082     0.076    -0.001     0.082    -0.037    -0.064    -0.029     0.000
   6     0.341     0.109     0.018    -0.003    -0.088     0.157    -0.045     0.049    -0.000
   7     0.015    -0.044     0.105    -0.133     0.047    -0.006    -0.063    -0.059     0.000
   8     0.045     0.016     0.022     0.036     0.039    -0.000    -0.030     0.041    -0.000
   9     0.040    -0.051    -0.016    -0.058    -0.025    -0.012     0.015     0.025    -0.000
  10     0.038     0.008     0.002     0.003     0.060    -0.055    -0.008    -0.000     0.000
  11     0.002     0.001    -0.023     0.006    -0.006    -0.010     0.004     0.013    -0.000
  12    -0.021    -0.001    -0.014    -0.008    -0.006    -0.003    -0.006     0.005    -0.000
