   0     3.930     0.067     0.072     0.014     0.006     0.070    -0.082    -0.023    -0.000
   1    -0.668    -0.224    -0.061     0.079     0.002     0.119    -0.015    -0.055     0.000
   2     0.523    -0.062     0.028    -0.059     0.051    -0.017     0.006     0.013    -0.000
   3    -1.012    -0.035    -0.128    -0.037     0.043    -0.003     0.029     0.005     0.000
   4    -0.724     0.084     0.006     0.047    -0.033     0.039     0.077    -0.011    -0.000
   5     0.095    -0.033     0.029    -0.009     0.066    -0.004     0.026    -0.030     0.000
   6     0.447    -0.012     0.053    -0.064    -0.031     0.007    -0.038    -0.000     0.000
   7    -0.154    -0.071    -0.023     0.021    -0.006     0.013    -0.018    -0.005    -0.000
   8     0.021    -0.082     0.035     0.032     0.027    -0.039     0.001     0.002     0.000
   9     0.062    -0.007    -0.022    -0.000    -0.000     0.004    -0.008    -0.019     0.000
  10    -0.029     0.030    -0.011    -0.013     0.010    -0.005    -0.004    -0.001     0.000
  11     0.023    -0.013    -0.010     0.000     0.008     0.009    -0.007    -0.002     0.000
  12    -0.005    -0.003    -0.003     0.006    -0.002    -0.004    -0.005    -0.002     0.000
