   0     6.569     0.289     0.072     0.068     0.049     0.036     0.019    -0.026     0.000
   1    -0.450     0.323     0.165     0.107     0.197    -0.008    -0.096     0.117    -0.000
   2     0.036     0.135     0.146     0.168     0.006    -0.056    -0.090     0.106    -0.000
   3    -0.190     0.063     0.104     0.095     0.025     0.016    -0.020     0.082    -0.000
   4    -0.490    -0.117     0.253     0.281    -0.140     0.094    -0.123     0.106    -0.000
   5    -0.251    -0.089     0.065     0.011     0.090    -0.028    -0.093    -0.044     0.000
   6     0.327     0.126    -0.032    -0.037    -0.181     0.202    -0.104     0.069    -0.000
   7     0.009    -0.042     0.052    -0.137     0.033     0.012    -0.035    -0.083     0.000
   8     0.039     0.040    -0.051     0.054    -0.006    -0.002    -0.031     0.053    -0.000
   9     0.065    -0.044    -0.012    -0.061    -0.004    -0.043     0.008     0.029    -0.000
  10    -0.001    -0.014    -0.002    -0.012     0.064    -0.057     0.021     0.009     0.000
  11    -0.015     0.041    -0.026     0.008    -0.000    -0.022    -0.005    -0.005    -0.000
  12    -0.025    -0.012     0.002    -0.012     0.012     0.005    -0.002     0.004    -0.000
