   0     2.976     0.042    -0.025     0.080    -0.090    -0.030    -0.055     0.027     0.000
   1    -0.453    -0.096    -0.178    -0.073    -0.035     0.046     0.040     0.029     0.000
   2     0.432    -0.023    -0.082    -0.036    -0.043    -0.104    -0.010     0.011    -0.000
   3    -0.388     0.007    -0.075    -0.029    -0.016    -0.031     0.032     0.070    -0.000
   4    -0.123     0.030    -0.047    -0.011    -0.010    -0.027     0.073     0.004    -0.000
   5     0.057     0.069     0.037    -0.033     0.016     0.014     0.034    -0.028     0.000
   6     0.435     0.021    -0.037    -0.060    -0.060     0.021    -0.031    -0.015     0.000
   7    -0.150    -0.036    -0.013     0.004    -0.008     0.012     0.004     0.013    -0.000
   8    -0.030    -0.068    -0.013    -0.001     0.012    -0.019     0.004     0.008    -0.000
   9     0.019    -0.001     0.012     0.015     0.004     0.004     0.001    -0.001    -0.000
  10     0.008     0.021     0.008    -0.004     0.008     0.019    -0.001    -0.002    -0.000
  11     0.015     0.003     0.012     0.017     0.008     0.011     0.001    -0.004     0.000
  12    -0.011     0.015    -0.002    -0.004    -0.006     0.003    -0.001     0.005    -0.000
