   0     7.653     0.405     0.320    -0.049    -0.142     0.242    -0.063    -0.021     0.000
   1    -0.998     0.370     0.015     0.223     0.016     0.060    -0.041     0.026    -0.000
   2     0.976     0.248     0.517     0.101     0.103     0.022    -0.017     0.015    -0.000
   3    -0.393    -0.062     0.028    -0.006     0.031     0.151    -0.003     0.114    -0.000
   4    -0.594     0.016     0.289     0.253    -0.033     0.080     0.018     0.034    -0.000
   5    -0.339     0.014     0.033     0.037     0.125    -0.006    -0.006    -0.009     0.000
   6     0.374     0.030     0.027     0.040    -0.037     0.093    -0.014     0.014    -0.000
   7     0.002    -0.062     0.088    -0.090     0.014    -0.008    -0.043    -0.027     0.000
   8     0.028     0.021     0.039     0.019     0.051    -0.011    -0.037     0.013    -0.000
   9     0.002    -0.042    -0.044    -0.045    -0.041     0.012     0.012     0.015    -0.000
  10     0.040     0.010    -0.017     0.017     0.045    -0.057    -0.011    -0.026     0.000
  11     0.011    -0.028    -0.027     0.004    -0.014     0.006     0.007     0.021    -0.000
  12    -0.025     0.008    -0.008    -0.011    -0.010    -0.015    -0.006     0.002     0.000
