   0     7.268    -0.385     0.411     0.115    -0.035     0.119    -0.078     0.033    -0.000
   1     1.052     0.701     0.152    -0.001     0.125     0.071    -0.121     0.152    -0.000
   2     0.962    -0.071     0.274     0.049    -0.016     0.043     0.015     0.011    -0.000
   3    -0.860     0.100     0.059     0.155     0.076     0.119    -0.015    -0.012    -0.000
   4    -0.532     0.040    -0.040     0.260     0.140     0.024     0.116     0.039    -0.000
   5    -0.293    -0.029     0.234     0.042     0.018    -0.058    -0.006     0.042     0.000
   6     0.101    -0.033    -0.011     0.071     0.033     0.014    -0.011     0.010    -0.000
   7    -0.060    -0.098     0.074     0.056    -0.080     0.009     0.033     0.037    -0.000
   8     0.062    -0.030    -0.016     0.022     0.064    -0.032     0.018    -0.001     0.000
   9    -0.003     0.001     0.035    -0.065    -0.092    -0.015     0.001     0.016    -0.000
  10    -0.003     0.018    -0.023     0.014     0.018    -0.013     0.013    -0.022     0.000
  11     0.025    -0.011     0.008    -0.002    -0.018     0.004     0.006     0.002    -0.000
  12     0.004     0.010     0.000    -0.000     0.010    -0.014     0.007    -0.004     0.000
