   0     7.933     0.133     0.451    -0.047    -0.127     0.265    -0.036    -0.014     0.000
   1    -0.774     0.832    -0.034     0.215     0.035     0.137    -0.020     0.004    -0.000
   2     1.335     0.136     0.626     0.075     0.045     0.069    -0.040    -0.002     0.000
   3    -0.591    -0.192    -0.008     0.050     0.039     0.167     0.052     0.047    -0.000
   4    -0.621     0.085     0.148     0.201     0.016     0.058     0.067     0.023    -0.000
   5    -0.357     0.126     0.078     0.045     0.121     0.024    -0.005     0.019     0.000
   6     0.371    -0.060     0.058     0.064     0.025     0.069    -0.025    -0.011     0.000
   7    -0.043    -0.089     0.039    -0.023    -0.076     0.001    -0.015     0.017    -0.000
   8     0.074     0.036     0.023     0.040     0.033     0.015    -0.020    -0.026     0.000
   9    -0.030    -0.019    -0.042    -0.056    -0.080    -0.011    -0.015     0.018    -0.000
  10     0.024     0.004    -0.016     0.026     0.023    -0.036    -0.001    -0.042     0.000
  11     0.010    -0.038    -0.037     0.004    -0.029    -0.003    -0.002     0.026    -0.000
  12    -0.019     0.021    -0.001    -0.013    -0.010    -0.011     0.003    -0.001     0.000
