   0     6.280    -0.429     0.201     0.112    -0.004     0.088    -0.098     0.087    -0.000
   1     1.683    -0.223     0.015     0.137     0.062     0.136    -0.050     0.164    -0.000
   2     0.421    -0.082     0.147    -0.095    -0.051    -0.035     0.034    -0.032     0.000
   3    -0.629     0.410    -0.144    -0.014     0.008     0.099    -0.007     0.097    -0.000
   4    -1.072     0.037     0.017     0.118     0.051     0.050     0.062     0.014    -0.000
   5     0.009     0.105     0.134     0.095    -0.027    -0.040     0.048     0.053    -0.000
   6     0.061     0.070    -0.035    -0.021    -0.064     0.004    -0.055    -0.014     0.000
   7    -0.075     0.057    -0.034     0.069    -0.035     0.005     0.003    -0.010    -0.000
   8    -0.121    -0.031     0.034    -0.036     0.027    -0.041    -0.003     0.057    -0.000
   9     0.110    -0.007    -0.003    -0.019    -0.060    -0.003    -0.018    -0.024     0.000
  10     0.031     0.016    -0.024     0.002     0.012    -0.008     0.003     0.001    -0.000
  11     0.010     0.012    -0.004    -0.008    -0.016     0.008     0.007    -0.004    -0.000
  12    -0.004    -0.017     0.012    -0.000     0.010    -0.005    -0.001    -0.001     0.000
