   0     4.659    -0.290     0.110     0.032    -0.033     0.045    -0.060    -0.017     0.000
   1    -0.032    -0.513    -0.213     0.094     0.014     0.078     0.001    -0.015    -0.000
   2     0.390    -0.003     0.077    -0.035     0.006    -0.059     0.000    -0.046     0.000
   3    -0.958    -0.028    -0.192    -0.040    -0.031     0.042     0.027     0.004     0.000
   4    -1.219     0.085    -0.010     0.032     0.023     0.015     0.022     0.012    -0.000
   5     0.161    -0.007     0.037    -0.029     0.047    -0.016     0.050     0.011    -0.000
   6     0.241     0.080     0.017    -0.029    -0.035    -0.016    -0.058    -0.023     0.000
   7    -0.081     0.022    -0.022     0.021     0.006     0.021     0.008    -0.041     0.000
   8    -0.028    -0.025     0.035    -0.017     0.016    -0.039     0.008     0.052    -0.000
   9     0.136    -0.004    -0.044    -0.012    -0.014     0.009    -0.004    -0.010     0.000
  10     0.015     0.029    -0.021     0.002     0.006    -0.010    -0.002     0.006    -0.000
  11     0.001    -0.009    -0.003    -0.008    -0.006    -0.004     0.014     0.012    -0.000
  12     0.011    -0.016     0.001     0.010    -0.008    -0.002     0.004    -0.012     0.000
