   0     7.685    -0.217     0.452     0.046    -0.099     0.198    -0.054     0.003    -0.000
   1     0.054     1.029     0.026     0.095     0.080     0.120    -0.087     0.078    -0.000
   2     1.273    -0.011     0.487     0.065     0.018     0.085    -0.021     0.002     0.000
   3    -0.809    -0.156     0.025     0.148     0.055     0.133     0.026    -0.020     0.000
   4    -0.512     0.065     0.034     0.201     0.133     0.051     0.105     0.024    -0.000
   5    -0.385     0.064     0.171     0.016     0.070    -0.034    -0.029     0.034    -0.000
   6     0.250    -0.077     0.052     0.060     0.080     0.064    -0.019    -0.010     0.000
   7    -0.069    -0.120     0.049     0.021    -0.105    -0.006     0.010     0.042    -0.000
   8     0.133     0.002    -0.001     0.044     0.047     0.022     0.012    -0.042     0.000
   9    -0.037    -0.005     0.004    -0.080    -0.101    -0.037    -0.010     0.025    -0.000
  10     0.012     0.012    -0.018     0.018     0.014    -0.008     0.010    -0.030     0.000
  11     0.017    -0.036    -0.015    -0.000    -0.025    -0.015    -0.004     0.019    -0.000
  12     0.001     0.021    -0.009    -0.006    -0.004    -0.008     0.010    -0.003     0.000
