   0     1.698     0.032    -0.051     0.014    -0.064     0.001    -0.040    -0.026     0.000
   1    -0.210    -0.125    -0.060    -0.104     0.096    -0.005     0.020    -0.020     0.000
   2     0.234     0.061    -0.058    -0.044    -0.051    -0.043    -0.004     0.031    -0.000
   3    -0.109     0.004    -0.043     0.004    -0.047    -0.013    -0.000     0.016    -0.000
   4    -0.052    -0.025     0.020    -0.053    -0.004    -0.030     0.054     0.010     0.000
   5     0.043     0.023     0.007    -0.005     0.006    -0.023     0.011    -0.025     0.000
   6     0.239     0.072    -0.021    -0.039    -0.021     0.003    -0.017    -0.001    -0.000
   7    -0.076    -0.027     0.000     0.010    -0.000    -0.004     0.000     0.007    -0.000
   8    -0.012    -0.048    -0.002    -0.002     0.002     0.006     0.008     0.004    -0.000
   9     0.000    -0.013     0.002     0.010    -0.010     0.003    -0.008    -0.002    -0.000
  10     0.008     0.026    -0.012     0.004     0.008     0.009    -0.001    -0.002     0.000
  11     0.014    -0.000     0.009     0.006     0.004    -0.000     0.003    -0.010     0.000
  12    -0.004     0.016     0.001     0.000     0.002    -0.001    -0.003    -0.001     0.000
