   0     3.051    -0.045     0.014     0.103    -0.053    -0.093     0.013     0.025    -0.000
   1    -0.533     0.011     0.045    -0.083     0.103    -0.079    -0.008    -0.017     0.000
   2     0.483     0.003     0.000     0.027    -0.109     0.018    -0.016    -0.004    -0.000
   3    -0.405    -0.017    -0.012     0.078    -0.037    -0.042     0.008     0.073    -0.000
   4    -0.264     0.027    -0.014    -0.123     0.062    -0.005    -0.053    -0.022     0.000
   5     0.069     0.068    -0.023    -0.010     0.041     0.032     0.007    -0.022     0.000
   6     0.436     0.009    -0.036     0.052    -0.021    -0.012    -0.021     0.010    -0.000
   7    -0.136    -0.022     0.001     0.027    -0.008     0.012    -0.005    -0.001    -0.000
   8    -0.032     0.009     0.009    -0.011    -0.004    -0.017     0.012    -0.010     0.000
   9     0.004    -0.006    -0.011     0.008    -0.018    -0.006    -0.004     0.001     0.000
  10     0.021    -0.023    -0.008     0.010    -0.000    -0.020     0.001     0.009    -0.000
  11     0.022    -0.001    -0.009    -0.002     0.006    -0.012     0.004    -0.000     0.000
  12    -0.011     0.008    -0.002    -0.002     0.012     0.001     0.015    -0.005     0.000
