   0     4.653    -0.411     0.014     0.153    -0.066     0.019     0.044     0.016     0.000
   1    -0.090    -0.344     0.018     0.063     0.035    -0.079    -0.045    -0.029    -0.000
   2     0.508    -0.024     0.000    -0.084    -0.035     0.035     0.060     0.013    -0.000
   3    -1.183    -0.156    -0.119     0.003    -0.115    -0.051     0.079     0.013    -0.000
   4    -1.167     0.084     0.036    -0.117    -0.023    -0.023    -0.017    -0.001     0.000
   5     0.303     0.124    -0.058    -0.027     0.078     0.056     0.003    -0.009     0.000
   6     0.189     0.100    -0.010    -0.017     0.012     0.027     0.025     0.026    -0.000
   7    -0.098    -0.075    -0.008     0.028    -0.041    -0.037     0.023    -0.012     0.000
   8     0.033     0.092     0.029     0.009     0.049     0.016    -0.006     0.016    -0.000
   9     0.121     0.036    -0.028    -0.004    -0.002    -0.005    -0.006     0.020    -0.000
  10    -0.052    -0.046    -0.001    -0.019     0.008    -0.022    -0.004    -0.006     0.000
  11     0.029    -0.002     0.001    -0.000     0.010    -0.008    -0.003     0.005    -0.000
  12     0.014     0.001    -0.003    -0.008     0.006     0.003    -0.005    -0.008     0.000
