   0     3.795    -0.103    -0.051     0.074    -0.029    -0.033     0.029     0.013     0.000
   1    -0.748     0.009     0.104    -0.033     0.092    -0.028    -0.111    -0.100     0.000
   2     0.556    -0.023     0.013    -0.015    -0.025     0.066     0.050     0.010    -0.000
   3    -0.751    -0.094    -0.096     0.039     0.008    -0.013     0.028     0.063    -0.000
   4    -0.634     0.049     0.080    -0.138     0.049    -0.017    -0.048    -0.064     0.000
   5     0.065     0.050    -0.019    -0.033     0.082     0.083    -0.041    -0.042     0.000
   6     0.397     0.045    -0.046     0.015    -0.000     0.003     0.004     0.023    -0.000
   7    -0.125    -0.048    -0.016     0.025    -0.000     0.017    -0.007     0.009    -0.000
   8    -0.037     0.038     0.015     0.003     0.002    -0.026    -0.003    -0.017     0.000
   9     0.028     0.004    -0.012     0.010    -0.010     0.001    -0.021     0.004    -0.000
  10    -0.003    -0.040    -0.010    -0.003    -0.002    -0.029    -0.000     0.016    -0.000
  11     0.034     0.002    -0.015    -0.002     0.021     0.002    -0.004     0.003     0.000
  12    -0.024     0.007     0.012    -0.002     0.012     0.005     0.001    -0.007     0.000
