   0     8.440     0.360     0.113     0.229     0.060    -0.076    -0.001    -0.044    -0.000
   1    -1.109     0.253     0.373     0.438    -0.047    -0.193     0.068    -0.139     0.000
   2     1.091     0.157     0.512     0.062     0.209    -0.075    -0.005    -0.026    -0.000
   3    -0.372    -0.193    -0.166    -0.017    -0.012    -0.117    -0.069    -0.107     0.000
   4    -0.545    -0.197     0.085     0.050     0.025    -0.069    -0.016    -0.001    -0.000
   5    -0.376     0.028    -0.183     0.014    -0.078     0.086     0.050    -0.056     0.000
   6     0.340     0.101    -0.211     0.065     0.051     0.075    -0.023     0.038    -0.000
   7    -0.005    -0.079     0.114    -0.033    -0.025     0.001     0.032     0.012    -0.000
   8    -0.031    -0.022     0.108     0.053     0.004     0.026    -0.004     0.030    -0.000
   9     0.011    -0.046     0.031    -0.018     0.021     0.019     0.024     0.018    -0.000
  10    -0.003     0.026    -0.056     0.068     0.008    -0.010    -0.021     0.010    -0.000
  11     0.018    -0.019     0.010    -0.006    -0.002     0.003     0.000     0.013    -0.000
  12    -0.015    -0.008    -0.010     0.029     0.012     0.013     0.006     0.009    -0.000
