   0     4.157    -0.199    -0.070     0.101     0.021     0.007     0.051     0.002     0.000
   1    -0.624    -0.073     0.046    -0.045     0.138    -0.025    -0.131    -0.092     0.000
   2     0.542    -0.026     0.002    -0.025     0.008     0.078     0.074     0.037    -0.000
   3    -0.971    -0.176    -0.148     0.058     0.035    -0.003     0.060     0.027     0.000
   4    -0.911     0.058     0.110    -0.153     0.047    -0.037    -0.044    -0.043     0.000
   5     0.156     0.049    -0.057    -0.070     0.121     0.107    -0.063    -0.043     0.000
   6     0.353     0.075    -0.020     0.007     0.018     0.025     0.025     0.048    -0.000
   7    -0.107    -0.079    -0.035     0.029     0.008     0.019    -0.008    -0.002     0.000
   8    -0.012     0.064     0.025     0.002     0.016    -0.025    -0.012    -0.002     0.000
   9     0.060     0.006    -0.026    -0.002     0.002     0.006    -0.030     0.007    -0.000
  10    -0.029    -0.047    -0.003    -0.001     0.002    -0.034     0.004     0.015    -0.000
  11     0.038     0.003    -0.026    -0.006     0.027     0.004    -0.008     0.000     0.000
  12    -0.014     0.011     0.007    -0.002     0.008    -0.001    -0.005    -0.003     0.000
