   0     7.257     0.307     0.015     0.108     0.195    -0.098    -0.012    -0.027     0.000
   1    -0.456     0.182     0.525    -0.120     0.216    -0.314    -0.024    -0.030     0.000
   2     0.074     0.194     0.008     0.039     0.090     0.135    -0.001     0.014    -0.000
   3    -0.264     0.042    -0.045     0.064     0.101    -0.227    -0.030    -0.052     0.000
   4    -0.515     0.063     0.065    -0.115     0.115     0.123     0.056    -0.003     0.000
   5    -0.319    -0.179     0.000    -0.076     0.111     0.001     0.121    -0.141     0.000
   6     0.331     0.147     0.115    -0.158     0.111     0.112     0.022     0.036     0.000
   7    -0.035    -0.034     0.079    -0.011    -0.006    -0.048     0.075    -0.106     0.000
   8    -0.072     0.136     0.126    -0.007     0.066     0.033     0.033     0.046    -0.000
   9     0.015    -0.013     0.067    -0.050     0.090     0.004     0.054    -0.043     0.000
  10    -0.006     0.041     0.001     0.031    -0.000    -0.004    -0.005     0.038    -0.000
  11    -0.019     0.004     0.040    -0.019     0.029    -0.020     0.014    -0.013     0.000
  12    -0.026    -0.036    -0.002     0.022     0.016    -0.024    -0.008     0.003    -0.000
