   0     8.496    -0.553     0.315     0.072    -0.123     0.026    -0.022     0.014    -0.000
   1    -0.145     1.266     0.182    -0.046    -0.152    -0.140    -0.107    -0.147     0.000
   2     1.334    -0.027     0.595     0.033     0.088    -0.007     0.041     0.031    -0.000
   3    -0.669    -0.059     0.029    -0.034    -0.080    -0.073    -0.098    -0.050     0.000
   4    -0.642     0.005     0.106     0.006    -0.002    -0.012     0.026     0.060    -0.000
   5    -0.345     0.195    -0.066     0.063     0.014     0.025    -0.088    -0.023     0.000
   6     0.185     0.001     0.063     0.057    -0.006     0.071     0.001     0.094    -0.000
   7     0.011    -0.086     0.043     0.024    -0.010    -0.042     0.019     0.028    -0.000
   8     0.106     0.060     0.077     0.070    -0.039     0.034     0.054     0.064    -0.000
   9    -0.020     0.027     0.019    -0.006     0.006    -0.011     0.003     0.032    -0.000
  10    -0.069     0.011     0.019     0.029    -0.018    -0.004     0.003     0.008    -0.000
  11     0.039    -0.011    -0.012    -0.010     0.021    -0.003    -0.001    -0.001     0.000
  12    -0.006     0.009    -0.014    -0.004    -0.006     0.004     0.007    -0.003    -0.000
