   0     3.448    -0.051    -0.019     0.095    -0.082    -0.088    -0.010     0.019    -0.000
   1    -0.688     0.041     0.057    -0.050     0.053    -0.063    -0.060    -0.051     0.000
   2     0.534    -0.011     0.013     0.007    -0.082     0.038     0.009    -0.013    -0.000
   3    -0.580    -0.037    -0.050     0.068    -0.051    -0.045    -0.005     0.075    -0.000
   4    -0.403     0.045     0.009    -0.127     0.043    -0.004    -0.057    -0.053     0.000
   5     0.046     0.065    -0.021    -0.013     0.047     0.050    -0.002    -0.027     0.000
   6     0.426     0.022    -0.052     0.041    -0.027    -0.014    -0.022     0.003     0.000
   7    -0.140    -0.025     0.003     0.027    -0.014     0.008    -0.004     0.003    -0.000
   8    -0.038     0.021     0.004    -0.005    -0.008    -0.018     0.006    -0.020     0.000
   9     0.011     0.003    -0.006     0.008    -0.018    -0.005    -0.007     0.003    -0.000
  10     0.012    -0.033    -0.009     0.008    -0.004    -0.027    -0.003     0.010    -0.000
  11     0.027     0.000    -0.009    -0.002     0.010    -0.007     0.004     0.004    -0.000
  12    -0.021     0.007     0.005     0.002     0.016     0.005     0.010    -0.005     0.000
