   0     5.979    -0.871     0.066     0.280    -0.043     0.064     0.034     0.024     0.000
   1     1.299    -0.795     0.041    -0.028    -0.047    -0.035     0.033    -0.090     0.000
   2     0.458    -0.038     0.045    -0.051    -0.039    -0.015     0.062    -0.034     0.000
   3    -0.808     0.147    -0.110    -0.021    -0.111    -0.019     0.082     0.015    -0.000
   4    -1.183     0.035     0.035    -0.023    -0.092    -0.028     0.042     0.003    -0.000
   5     0.240     0.149    -0.014     0.075     0.012     0.064     0.045     0.006    -0.000
   6     0.016     0.136    -0.042     0.013    -0.014    -0.001     0.017    -0.001    -0.000
   7    -0.061    -0.106     0.035     0.106    -0.072    -0.051     0.042     0.009    -0.000
   8    -0.092     0.078     0.012    -0.004     0.004     0.012     0.001    -0.002    -0.000
   9     0.135     0.007    -0.010    -0.002    -0.023     0.012    -0.000     0.011    -0.000
  10    -0.019    -0.047     0.010    -0.024     0.000    -0.018     0.007    -0.026     0.000
  11     0.017    -0.022     0.014    -0.008     0.004    -0.001    -0.000     0.006    -0.000
  12     0.001    -0.008     0.003    -0.019     0.004     0.008     0.002    -0.020     0.000
