   0     8.079    -0.923     0.286     0.190    -0.092     0.065     0.000    -0.015    -0.000
   1     0.934     1.022     0.255    -0.322    -0.025     0.007    -0.116    -0.177     0.000
   2     1.089    -0.147     0.363     0.030     0.018     0.039     0.048    -0.015     0.000
   3    -0.805     0.154     0.077     0.061    -0.094    -0.109    -0.038    -0.044     0.000
   4    -0.564    -0.053     0.098    -0.008    -0.039    -0.006     0.018     0.033    -0.000
   5    -0.294     0.175     0.010     0.041     0.035     0.052    -0.054    -0.009    -0.000
   6     0.140    -0.016     0.107     0.037    -0.094     0.026     0.005     0.077    -0.000
   7    -0.014    -0.090     0.011     0.055    -0.033    -0.042     0.011     0.048    -0.000
   8     0.140     0.026     0.042     0.050    -0.062    -0.010     0.021     0.043    -0.000
   9    -0.031     0.055     0.029    -0.014     0.008    -0.008    -0.006     0.037    -0.000
  10    -0.036    -0.004     0.025     0.012    -0.027    -0.014    -0.005     0.005    -0.000
  11     0.027    -0.005    -0.011    -0.014     0.018     0.003    -0.004    -0.000     0.000
  12    -0.004     0.005    -0.009    -0.019    -0.004    -0.010    -0.003    -0.012     0.000
