   0     8.666    -0.008     0.230     0.059    -0.012    -0.037    -0.018    -0.004     0.000
   1    -0.971     0.840     0.190     0.333    -0.129    -0.219    -0.016    -0.119    -0.000
   2     1.371     0.151     0.692     0.051     0.234    -0.047     0.023     0.026    -0.000
   3    -0.529    -0.196    -0.092    -0.104    -0.043    -0.053    -0.102    -0.080     0.000
   4    -0.679    -0.089     0.104     0.047     0.041    -0.046     0.012     0.047    -0.000
   5    -0.327     0.156    -0.143     0.073    -0.055     0.075    -0.028    -0.041    -0.000
   6     0.258     0.095    -0.102     0.059     0.090     0.096    -0.026     0.078    -0.000
   7    -0.003    -0.097     0.107    -0.008    -0.033    -0.002     0.036     0.015    -0.000
   8     0.013     0.044     0.126     0.070    -0.000     0.048     0.033     0.063    -0.000
   9     0.013    -0.020     0.027     0.001     0.004     0.014     0.018     0.024    -0.000
  10    -0.049     0.014    -0.024     0.043     0.008    -0.009    -0.006     0.006    -0.000
  11     0.035    -0.016     0.000    -0.004     0.004    -0.002     0.000    -0.000     0.000
  12    -0.010    -0.000    -0.008     0.013    -0.000     0.014     0.014     0.005    -0.000
