   0     7.415     0.339     0.037     0.179     0.158    -0.086    -0.004    -0.036     0.000
   1    -0.534     0.153     0.562    -0.029     0.181    -0.277     0.003    -0.093     0.000
   2     0.206     0.145     0.057     0.040     0.074     0.079    -0.006    -0.006     0.000
   3    -0.248     0.034    -0.059     0.093     0.078    -0.212    -0.023    -0.074     0.000
   4    -0.476    -0.017     0.077    -0.069     0.080     0.077     0.045    -0.006     0.000
   5    -0.347    -0.148    -0.041    -0.061     0.082     0.004     0.112    -0.127     0.000
   6     0.353     0.115     0.057    -0.117     0.070     0.091     0.025     0.021     0.000
   7    -0.021    -0.036     0.075    -0.012    -0.006    -0.049     0.060    -0.085     0.000
   8    -0.049     0.082     0.097     0.009     0.041     0.023     0.020     0.027    -0.000
   9     0.007    -0.014     0.060    -0.048     0.076     0.002     0.043    -0.026     0.000
  10     0.002     0.041    -0.013     0.044    -0.004    -0.004    -0.009     0.027    -0.000
  11    -0.015    -0.002     0.035    -0.017     0.021    -0.015     0.008    -0.001     0.000
  12    -0.024    -0.026    -0.010     0.031     0.016    -0.018    -0.007     0.001    -0.000
