   0     1.822     0.023     0.024     0.054    -0.031     0.009     0.044     0.026    -0.000
   1    -0.164     0.039     0.047    -0.098     0.057    -0.078    -0.022    -0.018     0.000
   2     0.327     0.017    -0.021     0.034    -0.060     0.023    -0.002     0.021    -0.000
   3    -0.124     0.048     0.015     0.010    -0.029     0.050     0.026     0.045    -0.000
   4    -0.044     0.016     0.020    -0.067     0.023    -0.019    -0.025     0.002     0.000
   5     0.045     0.042    -0.015    -0.014     0.010     0.004    -0.019    -0.006     0.000
   6     0.277     0.031    -0.005     0.036    -0.021     0.012     0.012     0.010    -0.000
   7    -0.094    -0.023    -0.002    -0.008    -0.002     0.023    -0.014    -0.005     0.000
   8     0.003     0.002     0.028    -0.001    -0.014    -0.028     0.006    -0.004     0.000
   9    -0.016    -0.006    -0.006     0.004    -0.002     0.007    -0.007     0.006    -0.000
  10     0.018     0.004     0.000     0.002     0.006     0.001     0.007     0.013    -0.000
  11     0.004    -0.006    -0.010    -0.000     0.006    -0.016    -0.000    -0.004     0.000
  12     0.002     0.004     0.002    -0.002     0.006     0.000     0.001    -0.004     0.000
