   0     7.549    -0.987     0.242     0.240    -0.008     0.070    -0.004    -0.004    -0.000
   1     1.731     0.303     0.302    -0.348     0.057     0.030    -0.075    -0.163     0.000
   2     0.783    -0.135     0.151     0.019     0.031     0.034     0.072    -0.029    -0.000
   3    -0.854     0.355     0.060     0.017    -0.099    -0.073     0.005    -0.026     0.000
   4    -0.687    -0.152     0.062     0.024    -0.051    -0.036     0.051     0.043     0.000
   5    -0.114     0.135     0.037     0.055     0.004     0.100     0.015    -0.002    -0.000
   6     0.079     0.070     0.032     0.000    -0.084    -0.018     0.012     0.057    -0.000
   7    -0.065    -0.118     0.022     0.087    -0.094    -0.016     0.021     0.035    -0.000
   8     0.054     0.003     0.044     0.018    -0.037    -0.025    -0.002     0.033    -0.000
   9     0.012     0.048     0.032    -0.012    -0.018     0.017    -0.001     0.025    -0.000
  10    -0.013    -0.033     0.017    -0.017    -0.004    -0.027    -0.011    -0.003     0.000
  11     0.019    -0.008     0.008    -0.008    -0.002     0.006    -0.007     0.001    -0.000
  12    -0.012    -0.013     0.001    -0.023     0.008    -0.009    -0.005    -0.014     0.000
