   0     5.156    -0.678     0.024     0.234    -0.072     0.036     0.044     0.021    -0.000
   1     0.495    -0.717    -0.008     0.120    -0.023    -0.086     0.007    -0.051    -0.000
   2     0.490    -0.022     0.031    -0.095    -0.045     0.007     0.046    -0.005     0.000
   3    -0.994    -0.074    -0.147    -0.003    -0.115    -0.045     0.080     0.025    -0.000
   4    -1.222     0.111     0.046    -0.091    -0.064    -0.018     0.012     0.009    -0.000
   5     0.321     0.123    -0.044     0.053     0.047     0.035     0.018    -0.000    -0.000
   6     0.099     0.125    -0.012    -0.020     0.014     0.023     0.014     0.019    -0.000
   7    -0.074    -0.089     0.011     0.067    -0.037    -0.060     0.033    -0.004     0.000
   8    -0.030     0.110     0.024    -0.001     0.035     0.017    -0.000     0.011    -0.000
   9     0.146     0.018    -0.024     0.010    -0.008    -0.006    -0.006     0.018    -0.000
  10    -0.034    -0.040     0.006    -0.028     0.008    -0.013     0.001    -0.013     0.000
  11     0.021    -0.015     0.002     0.002     0.012    -0.010    -0.002     0.005    -0.000
  12     0.014    -0.003     0.001    -0.017     0.006     0.005    -0.003    -0.016     0.000
