   0     7.899     0.406     0.070     0.297     0.088    -0.081     0.005    -0.053    -0.000
   1    -0.800     0.079     0.556     0.221     0.066    -0.209     0.056    -0.160     0.000
   2     0.600     0.097     0.231     0.053     0.099    -0.030    -0.014    -0.034     0.000
   3    -0.260    -0.061    -0.117     0.091     0.023    -0.183    -0.037    -0.107     0.000
   4    -0.442    -0.164     0.085     0.009     0.025    -0.016     0.006    -0.015     0.000
   5    -0.398    -0.080    -0.134    -0.039    -0.002     0.034     0.091    -0.090     0.000
   6     0.376     0.074    -0.108    -0.011     0.012     0.058     0.014     0.015    -0.000
   7    -0.002    -0.048     0.080    -0.030    -0.010    -0.034     0.034    -0.030     0.000
   8    -0.028    -0.010     0.072     0.036     0.008     0.011    -0.003     0.010    -0.000
   9    -0.001    -0.032     0.040    -0.039     0.045     0.005     0.027     0.003    -0.000
  10     0.009     0.039    -0.049     0.064    -0.004    -0.005    -0.017     0.012    -0.000
  11     0.002    -0.015     0.020    -0.010     0.002    -0.003    -0.002     0.017    -0.000
  12    -0.020    -0.014    -0.019     0.035     0.018    -0.003    -0.003     0.007    -0.000
