   0     4.414    -0.262    -0.036     0.118    -0.016     0.014     0.046    -0.000    -0.000
   1    -0.396    -0.124     0.005    -0.035     0.103    -0.048    -0.098    -0.041     0.000
   2     0.516    -0.026    -0.005    -0.048    -0.004     0.064     0.079     0.031    -0.000
   3    -1.173    -0.183    -0.137     0.044    -0.049    -0.032     0.073    -0.003    -0.000
   4    -1.082     0.059     0.077    -0.127     0.021    -0.033    -0.038    -0.020     0.000
   5     0.246     0.099    -0.068    -0.085     0.107     0.089    -0.026    -0.024     0.000
   6     0.276     0.088    -0.007     0.006     0.008     0.032     0.027     0.036    -0.000
   7    -0.101    -0.076    -0.030     0.025    -0.031    -0.004     0.009    -0.012     0.000
   8     0.033     0.071     0.031     0.008     0.033    -0.002    -0.011     0.007     0.000
   9     0.089     0.024    -0.028    -0.008    -0.002     0.000    -0.015     0.014    -0.000
  10    -0.050    -0.052     0.003    -0.005     0.004    -0.030     0.002     0.003    -0.000
  11     0.036    -0.000    -0.012    -0.006     0.016    -0.000    -0.005     0.001     0.000
  12     0.005     0.002    -0.003    -0.002     0.006    -0.001    -0.005    -0.002     0.000
