   0     2.495    -0.004     0.049     0.067    -0.018    -0.045     0.046     0.023    -0.000
   1    -0.339     0.001     0.094    -0.102     0.131    -0.072     0.009    -0.009     0.000
   2     0.413     0.024    -0.011     0.026    -0.094     0.021    -0.011     0.012    -0.000
   3    -0.248     0.030     0.023     0.032    -0.016     0.007     0.025     0.053    -0.000
   4    -0.142     0.010     0.006    -0.104     0.064    -0.005    -0.037    -0.000     0.000
   5     0.074     0.054    -0.008    -0.012     0.031     0.016    -0.006    -0.016     0.000
   6     0.387     0.023    -0.013     0.042    -0.010     0.005    -0.002     0.012    -0.000
   7    -0.117    -0.022     0.001     0.007    -0.006     0.019    -0.012    -0.004    -0.000
   8    -0.014    -0.006     0.027    -0.003    -0.000    -0.022     0.009    -0.004     0.000
   9    -0.006    -0.006    -0.010     0.006    -0.016     0.001    -0.007     0.003    -0.000
  10     0.019    -0.008    -0.003    -0.000     0.006    -0.008     0.004     0.009    -0.000
  11     0.011    -0.005    -0.011     0.002     0.004    -0.017     0.003    -0.004     0.000
  12    -0.001     0.006    -0.003     0.002     0.008    -0.001     0.011    -0.005     0.000
