   0     6.856    -0.938     0.175     0.259    -0.002     0.074     0.002     0.026    -0.000
   1     1.863    -0.408     0.215    -0.242     0.000     0.005    -0.009    -0.128     0.000
   2     0.535    -0.081     0.040    -0.003    -0.002    -0.007     0.083    -0.033     0.000
   3    -0.790     0.359    -0.004    -0.039    -0.101    -0.023     0.045     0.006    -0.000
   4    -0.971    -0.100     0.013     0.028    -0.078    -0.049     0.072     0.029    -0.000
   5     0.077     0.136     0.025     0.067    -0.010     0.103     0.048     0.006    -0.000
   6     0.011     0.121    -0.050     0.010    -0.049    -0.027     0.024     0.018    -0.000
   7    -0.075    -0.124     0.036     0.109    -0.113    -0.022     0.037     0.024    -0.000
   8    -0.068     0.027     0.022    -0.000    -0.012    -0.009    -0.001     0.011    -0.000
   9     0.079     0.018     0.013    -0.007    -0.035     0.028     0.002     0.010    -0.000
  10    -0.014    -0.052     0.014    -0.026    -0.002    -0.028    -0.007    -0.019     0.000
  11     0.018    -0.019     0.019    -0.010    -0.006     0.003    -0.006     0.009    -0.000
  12    -0.016    -0.021     0.008    -0.023     0.008     0.004    -0.001    -0.018     0.000
