   0     1.302    -0.097     0.011    -0.007    -0.018    -0.022     0.026     0.025    -0.000
   1     0.133    -0.087    -0.023     0.029     0.045     0.005     0.007     0.015    -0.000
   2     0.138     0.012    -0.016    -0.016    -0.008     0.022    -0.020     0.024    -0.000
   3    -0.092     0.022     0.032     0.004     0.033     0.001    -0.039    -0.006    -0.000
   4    -0.067    -0.017     0.066     0.005     0.012     0.025    -0.013    -0.023     0.000
   5    -0.065     0.031     0.018     0.013     0.033     0.012    -0.007    -0.008     0.000
   6     0.143    -0.023     0.012     0.019    -0.023     0.023    -0.014    -0.012     0.000
   7    -0.041     0.000    -0.002     0.008    -0.002    -0.007    -0.001     0.001     0.000
   8     0.006    -0.009    -0.023    -0.004     0.010    -0.004     0.013     0.012    -0.000
   9     0.017    -0.001     0.011     0.004    -0.000    -0.009    -0.003    -0.007     0.000
  10     0.020     0.001    -0.009    -0.019     0.010     0.003     0.013     0.006    -0.000
  11    -0.001    -0.006     0.002     0.008    -0.006    -0.002     0.001     0.001    -0.000
  12    -0.011    -0.003     0.001     0.000    -0.002     0.005    -0.003    -0.003     0.000
