   0    11.162    -3.697     0.532     0.605    -0.135    -0.041     0.050    -0.082    -0.000
   1     3.319     1.008     0.102    -0.449     0.070     0.088     0.004     0.064     0.000
   2     0.206    -0.538     0.884     0.365    -0.408    -0.118    -0.008    -0.002    -0.000
   3    -1.528     1.935     0.110    -0.314     0.127    -0.229    -0.051     0.110     0.000
   4     0.639    -0.486     0.230     0.240     0.008    -0.086    -0.126     0.088    -0.000
   5    -0.395    -0.011     0.069     0.257     0.002    -0.005     0.024    -0.031    -0.000
   6     0.023     0.382     0.044    -0.049    -0.168     0.025    -0.034    -0.096     0.000
   7    -0.100    -0.147    -0.011     0.125     0.039    -0.042    -0.036    -0.028     0.000
   8    -0.157    -0.112    -0.114     0.021     0.062     0.002    -0.009     0.024    -0.000
   9    -0.035    -0.039    -0.024    -0.047     0.047     0.017     0.009     0.015     0.000
  10     0.100    -0.004     0.012     0.023    -0.010     0.000    -0.024     0.041    -0.000
  11    -0.015     0.018    -0.002    -0.024     0.021     0.017     0.015     0.000     0.000
  12    -0.051     0.033    -0.040    -0.001     0.025     0.027    -0.014     0.017    -0.000
