   0     3.190    -0.688    -0.144     0.147     0.070    -0.104    -0.061     0.045    -0.000
   1     0.800    -0.771    -0.298     0.202     0.144    -0.092     0.014     0.068     0.000
   2    -0.152     0.484     0.066    -0.137    -0.043     0.011    -0.095     0.022    -0.000
   3    -0.110     0.142    -0.129    -0.156     0.111     0.014    -0.080    -0.086     0.000
   4    -0.481     0.291     0.074    -0.057    -0.076     0.003    -0.020    -0.007    -0.000
   5    -0.148     0.173     0.001    -0.057     0.055     0.028    -0.003    -0.005     0.000
   6     0.186     0.097     0.037    -0.009    -0.076    -0.028    -0.045    -0.006    -0.000
   7    -0.081     0.058    -0.032    -0.025     0.006    -0.004    -0.012    -0.003     0.000
   8    -0.059    -0.015     0.013     0.043    -0.025    -0.028    -0.013     0.031    -0.000
   9     0.034     0.005    -0.006    -0.021    -0.002    -0.004     0.015     0.001     0.000
  10     0.050     0.012     0.015     0.018     0.002    -0.008    -0.012    -0.002     0.000
  11    -0.016    -0.014    -0.001    -0.006    -0.004    -0.000     0.018    -0.001    -0.000
  12    -0.016    -0.016    -0.005     0.029     0.010     0.005    -0.003    -0.007     0.000
