   0     2.578    -0.297    -0.111     0.084     0.010    -0.084    -0.067     0.038     0.000
   1     0.403    -0.357    -0.226     0.107     0.094    -0.072    -0.042     0.006    -0.000
   2     0.135     0.170     0.008    -0.012    -0.057    -0.021    -0.086     0.038    -0.000
   3    -0.082     0.119    -0.103    -0.056     0.066    -0.011    -0.084    -0.045     0.000
   4    -0.241     0.094     0.025    -0.021    -0.064    -0.003    -0.019    -0.016     0.000
   5    -0.076     0.109     0.007    -0.014     0.045     0.010    -0.018    -0.014    -0.000
   6     0.221     0.059    -0.014     0.006    -0.078    -0.015    -0.031    -0.016     0.000
   7    -0.063     0.023    -0.020     0.012     0.012    -0.016    -0.013    -0.002     0.000
   8    -0.041     0.001    -0.011     0.018    -0.021    -0.013    -0.011     0.016    -0.000
   9     0.021    -0.006     0.001    -0.009     0.006    -0.006     0.010    -0.006     0.000
  10     0.035     0.026     0.001    -0.002    -0.006    -0.008    -0.012     0.002     0.000
  11    -0.010    -0.016     0.002     0.002    -0.002     0.001     0.014     0.002    -0.000
  12    -0.021    -0.003    -0.009     0.015    -0.000     0.002    -0.003    -0.005     0.000
