   0    12.565     0.588     0.402    -0.713     0.002     0.114    -0.027    -0.008    -0.000
   1    -2.171    -0.570     0.286     0.669    -0.195    -0.324    -0.120    -0.073     0.000
   2     2.557    -0.659     2.197     0.152     0.630    -0.097    -0.132    -0.143    -0.000
   3    -1.157    -0.607    -0.082    -0.290     0.191     0.000     0.021    -0.032     0.000
   4     0.378    -0.275     0.161     0.049    -0.004    -0.175    -0.067     0.081    -0.000
   5    -0.335     0.165     0.044     0.131    -0.039     0.172    -0.094    -0.075     0.000
   6    -0.163    -0.185    -0.137     0.029     0.183    -0.022     0.004    -0.113     0.000
   7    -0.097     0.027    -0.037    -0.066    -0.060     0.070     0.045     0.006     0.000
   8     0.094     0.024    -0.159     0.003     0.049     0.020    -0.011     0.017    -0.000
   9     0.018     0.102     0.049     0.039    -0.043    -0.020     0.001     0.000     0.000
  10    -0.054     0.011    -0.034     0.004     0.043     0.019     0.016    -0.026     0.000
  11    -0.038     0.015    -0.029    -0.059    -0.016    -0.022    -0.003    -0.008     0.000
  12    -0.020     0.023    -0.006     0.004    -0.021    -0.002     0.022     0.013    -0.000
