   0    13.192    -1.573     0.852    -0.774    -0.177     0.192    -0.060    -0.041    -0.000
   1    -1.560     0.950     0.194     0.571    -0.220    -0.501     0.012    -0.001     0.000
   2     2.667    -1.243     2.851     0.316     0.248    -0.140    -0.236    -0.119     0.000
   3    -1.423    -0.183     0.001     0.065     0.205    -0.019     0.026    -0.033    -0.000
   4     0.456    -0.244    -0.367    -0.042     0.154    -0.179     0.107     0.073     0.000
   5    -0.211     0.091    -0.095     0.145    -0.014     0.231    -0.028    -0.054    -0.000
   6    -0.279     0.036     0.063    -0.001     0.088    -0.028     0.045    -0.015     0.000
   7    -0.130    -0.074    -0.029    -0.053    -0.041     0.063     0.037    -0.021    -0.000
   8     0.146    -0.044    -0.184    -0.014     0.119     0.011     0.001     0.010     0.000
   9     0.020     0.080     0.010     0.004    -0.070    -0.005     0.029     0.017    -0.000
  10    -0.069     0.029    -0.029    -0.041     0.035     0.012    -0.019    -0.010     0.000
  11    -0.025    -0.010    -0.034    -0.036    -0.002    -0.014    -0.007    -0.029     0.000
  12    -0.026     0.024     0.000     0.021    -0.014    -0.009     0.007     0.027    -0.000
