   0     9.298     1.343    -0.768     0.191    -0.355    -0.212    -0.137    -0.142     0.000
   1    -0.890    -0.353     0.490     0.067     0.125     0.031     0.196    -0.396     0.000
   2     0.763     0.156     0.658     0.303     0.174     0.009     0.057    -0.079     0.000
   3     0.179    -0.364    -0.244    -0.651    -0.289    -0.276    -0.086    -0.204     0.000
   4     0.558     0.230    -0.136     0.256    -0.008    -0.094     0.144    -0.177     0.000
   5    -0.144    -0.118    -0.001    -0.033    -0.094    -0.102    -0.111    -0.053     0.000
   6     0.131    -0.079     0.317     0.046    -0.037    -0.048     0.071    -0.056    -0.000
   7     0.002    -0.160    -0.105     0.038     0.092    -0.060    -0.022     0.050    -0.000
   8     0.044    -0.036    -0.043    -0.087    -0.101    -0.126     0.076    -0.023     0.000
   9    -0.007     0.016    -0.022     0.068     0.027     0.063    -0.046     0.036    -0.000
  10     0.023     0.041    -0.007     0.013     0.025    -0.004     0.049     0.024    -0.000
  11    -0.058     0.003    -0.050    -0.024    -0.023     0.041    -0.036     0.013    -0.000
  12    -0.024    -0.009     0.011    -0.017     0.014    -0.004     0.017    -0.001     0.000
