   0     9.509     1.469    -0.685     0.117    -0.308    -0.148    -0.091    -0.121     0.000
   1    -1.162    -0.506     0.503     0.059     0.057     0.089     0.198    -0.300     0.000
   2     0.884     0.125     0.686     0.193     0.154     0.019     0.070    -0.066    -0.000
   3     0.129    -0.368    -0.217    -0.653    -0.267    -0.200    -0.062    -0.188     0.000
   4     0.512     0.272    -0.033     0.243     0.039    -0.036     0.127    -0.137     0.000
   5    -0.209    -0.154     0.012    -0.037    -0.113    -0.047    -0.090    -0.011     0.000
   6     0.112    -0.106     0.295    -0.036    -0.047    -0.024     0.057    -0.040     0.000
   7     0.004    -0.132    -0.112     0.053     0.072    -0.023    -0.027     0.048    -0.000
   8     0.017    -0.023    -0.060    -0.063    -0.070    -0.101     0.049     0.004    -0.000
   9     0.011     0.008    -0.015     0.070     0.002     0.049    -0.032     0.017    -0.000
  10     0.007     0.014    -0.032    -0.004    -0.004    -0.013     0.026     0.010    -0.000
  11    -0.048     0.001    -0.036    -0.018    -0.021     0.032    -0.021     0.002    -0.000
  12    -0.028    -0.007    -0.002    -0.008     0.004    -0.005     0.015     0.002    -0.000
