   0     1.697    -0.091     0.006    -0.007    -0.010    -0.036     0.007     0.042    -0.000
   1     0.170    -0.099    -0.049     0.023     0.055    -0.001    -0.001     0.024    -0.000
   2     0.180     0.009    -0.017     0.021    -0.045    -0.012    -0.043     0.039    -0.000
   3    -0.096     0.040    -0.000    -0.049     0.035     0.025    -0.038     0.006     0.000
   4    -0.097    -0.023     0.027     0.004    -0.012     0.003    -0.014     0.002    -0.000
   5    -0.073     0.048     0.028    -0.014     0.037     0.032    -0.010    -0.007     0.000
   6     0.206    -0.013     0.000     0.019    -0.033    -0.004    -0.009     0.001    -0.000
   7    -0.061     0.007     0.001    -0.000     0.010    -0.002    -0.003    -0.003     0.000
   8    -0.001    -0.017    -0.017     0.012     0.006    -0.004     0.005     0.018    -0.000
   9     0.019     0.003     0.010    -0.009     0.002    -0.009     0.000    -0.008     0.000
  10     0.026     0.003     0.000    -0.012     0.006     0.004     0.007     0.008    -0.000
  11    -0.001    -0.002    -0.001     0.006    -0.004    -0.002     0.005    -0.001    -0.000
  12    -0.017    -0.004    -0.006     0.004    -0.000     0.006    -0.001    -0.002     0.000
