   0    10.248     1.712    -0.465    -0.167    -0.222    -0.021    -0.018    -0.061     0.000
   1    -1.735    -0.965     0.550     0.100    -0.068     0.131     0.080    -0.087     0.000
   2     1.284    -0.009     0.807    -0.021     0.138     0.019     0.061    -0.050     0.000
   3    -0.081    -0.438    -0.213    -0.657    -0.197    -0.048    -0.024    -0.143     0.000
   4     0.447     0.231     0.270     0.188     0.127     0.052     0.018    -0.043    -0.000
   5    -0.343    -0.220     0.059     0.012    -0.135     0.060    -0.084     0.045    -0.000
   6     0.058    -0.218     0.177    -0.151    -0.045     0.038     0.017    -0.037     0.000
   7     0.005    -0.052    -0.142     0.066     0.029     0.038    -0.022     0.044    -0.000
   8    -0.002    -0.008    -0.075    -0.016    -0.041    -0.051     0.001     0.027     0.000
   9     0.038     0.004     0.011     0.066    -0.021    -0.002    -0.012    -0.023     0.000
  10    -0.025    -0.030    -0.064    -0.003    -0.027    -0.023    -0.005    -0.016     0.000
  11    -0.034     0.001    -0.020    -0.023    -0.012     0.005     0.009    -0.008     0.000
  12    -0.025    -0.003    -0.027    -0.000    -0.012    -0.011     0.014     0.004    -0.000
