   0     7.940    -2.631    -0.074     0.456     0.111    -0.098     0.049    -0.011    -0.000
   1     3.225    -0.218    -0.451    -0.282     0.183     0.103     0.087     0.002     0.000
   2    -1.442     1.272     0.353    -0.082     0.000    -0.117     0.025     0.173    -0.000
   3    -0.855     1.495    -0.164    -0.608     0.148     0.012    -0.084    -0.014    -0.000
   4    -0.133    -0.180     0.318     0.340    -0.021    -0.096     0.084     0.152    -0.000
   5    -0.474     0.284     0.148    -0.035    -0.082     0.055     0.067     0.010    -0.000
   6     0.443     0.318     0.166    -0.014    -0.064    -0.001    -0.001    -0.021     0.000
   7    -0.076    -0.051     0.042     0.033    -0.080     0.022    -0.017    -0.063     0.000
   8    -0.267     0.103    -0.111    -0.012     0.016    -0.058     0.024     0.023    -0.000
   9     0.074    -0.036    -0.033    -0.008     0.031    -0.008    -0.003     0.022    -0.000
  10     0.095    -0.067     0.004     0.024    -0.021    -0.022    -0.007     0.008    -0.000
  11    -0.032     0.008    -0.009    -0.018    -0.006     0.030     0.013    -0.008     0.000
  12     0.016    -0.044    -0.037     0.008    -0.002     0.004     0.013     0.012    -0.000
