   0    12.359    -4.037     0.823     0.302    -0.316     0.132     0.031    -0.118    -0.000
   1     1.965     1.689     0.351    -0.301    -0.144    -0.199     0.031     0.203     0.000
   2     1.351    -1.430     1.655     0.584    -0.681    -0.118     0.011    -0.017    -0.000
   3    -1.601     1.579     0.095    -0.054     0.084    -0.329     0.006     0.131     0.000
   4     0.762    -0.371    -0.073     0.101     0.279     0.004    -0.131     0.079    -0.000
   5    -0.218    -0.203    -0.071     0.358    -0.023     0.007     0.032    -0.025    -0.000
   6    -0.198     0.281     0.109    -0.090    -0.158     0.046    -0.039    -0.047     0.000
   7    -0.136    -0.141    -0.017     0.117     0.008    -0.036    -0.024     0.025    -0.000
   8    -0.052    -0.133    -0.101     0.005     0.074    -0.030    -0.036     0.032    -0.000
   9    -0.028    -0.057     0.031    -0.029     0.016     0.003     0.024     0.023    -0.000
  10     0.054     0.046     0.019     0.043    -0.004    -0.027    -0.044     0.042    -0.000
  11    -0.014     0.003    -0.008    -0.029     0.035     0.004     0.007    -0.010     0.000
  12    -0.051     0.041    -0.020     0.007     0.033     0.005    -0.023     0.012    -0.000
