   0     2.109    -0.123    -0.028     0.015    -0.021    -0.047    -0.031     0.033    -0.000
   1     0.226    -0.140    -0.110     0.034     0.057    -0.022    -0.039     0.001     0.000
   2     0.205     0.044    -0.016     0.029    -0.057    -0.029    -0.061     0.051    -0.000
   3    -0.086     0.088    -0.036    -0.057     0.039     0.021    -0.059    -0.016     0.000
   4    -0.144     0.005     0.007    -0.002    -0.033    -0.010    -0.018     0.005    -0.000
   5    -0.066     0.078     0.018    -0.010     0.041     0.025    -0.016    -0.009     0.000
   6     0.235     0.023    -0.011     0.012    -0.057    -0.016    -0.020    -0.000     0.000
   7    -0.065     0.010    -0.005     0.008     0.016    -0.007    -0.010    -0.004     0.000
   8    -0.020    -0.009    -0.018     0.017    -0.008    -0.006    -0.006     0.017    -0.000
   9     0.017    -0.002     0.007    -0.009     0.008    -0.006     0.004    -0.007     0.000
  10     0.031     0.015    -0.001    -0.006    -0.004    -0.004    -0.004     0.005    -0.000
  11    -0.006    -0.007     0.003     0.004     0.002     0.002     0.005    -0.003     0.000
  12    -0.020    -0.005    -0.007     0.006    -0.002     0.003    -0.002    -0.006     0.000
