   0     9.656    -3.143     0.126     0.539     0.045    -0.107     0.046    -0.062     0.000
   1     3.673     0.375    -0.334    -0.393     0.213     0.142     0.016     0.003    -0.000
   2    -0.845     0.559     0.514     0.109    -0.125    -0.119     0.010     0.087    -0.000
   3    -1.266     1.877    -0.087    -0.542     0.183    -0.058    -0.083     0.030     0.000
   4     0.296    -0.396     0.303     0.345    -0.043    -0.126     0.002     0.119    -0.000
   5    -0.504     0.178     0.150     0.112    -0.031     0.041     0.055     0.018    -0.000
   6     0.247     0.414     0.069     0.002    -0.113    -0.032     0.001    -0.064     0.000
   7    -0.068    -0.139     0.037     0.090    -0.029    -0.016    -0.020    -0.054     0.000
   8    -0.252    -0.003    -0.140     0.024     0.047    -0.031     0.015     0.000    -0.000
   9     0.026    -0.051    -0.049    -0.029     0.047     0.009    -0.001     0.025    -0.000
  10     0.103    -0.071    -0.003     0.008    -0.021     0.007    -0.011     0.019    -0.000
  11    -0.025     0.016    -0.006    -0.030     0.002     0.031     0.015    -0.002    -0.000
  12    -0.015    -0.007    -0.047     0.003     0.006     0.025    -0.003     0.020    -0.000
