   0     3.991    -1.148    -0.047     0.178     0.049    -0.061    -0.009    -0.000     0.000
   1     1.287    -1.065    -0.288     0.185     0.092    -0.071     0.068     0.075     0.000
   2    -0.661     0.952     0.098    -0.265     0.004     0.010    -0.074     0.050    -0.000
   3    -0.179     0.296    -0.041    -0.307     0.127     0.080    -0.049    -0.137     0.000
   4    -0.769     0.451     0.111    -0.027    -0.053    -0.050    -0.002     0.074    -0.000
   5    -0.248     0.215     0.008    -0.083     0.066     0.036     0.021     0.028     0.000
   6     0.227     0.084     0.141    -0.011    -0.072    -0.045    -0.055     0.029     0.000
   7    -0.085     0.067    -0.017    -0.040     0.008     0.036    -0.002    -0.016     0.000
   8    -0.063    -0.037     0.012     0.061    -0.025    -0.052    -0.017     0.049    -0.000
   9     0.062     0.006    -0.022    -0.033     0.004     0.009     0.010     0.006     0.000
  10     0.059    -0.003     0.023     0.027     0.004    -0.011    -0.020    -0.010     0.000
  11    -0.019    -0.012    -0.009    -0.008    -0.002     0.008     0.013    -0.010     0.000
  12    -0.007    -0.025    -0.010     0.035     0.014    -0.005    -0.000    -0.008     0.000
