   0    13.122    -3.471     0.957    -0.363    -0.386     0.229    -0.032    -0.096    -0.000
   1     0.015     1.911     0.303     0.125    -0.267    -0.491     0.040     0.205    -0.000
   2     2.220    -1.621     2.559     0.535    -0.466    -0.136    -0.123    -0.050    -0.000
   3    -1.512     0.710    -0.009     0.158     0.105    -0.203     0.013     0.038     0.000
   4     0.662    -0.216    -0.448    -0.007     0.408    -0.039     0.044     0.067     0.000
   5    -0.142    -0.187    -0.158     0.285    -0.045     0.138     0.025    -0.002    -0.000
   6    -0.315     0.178     0.177    -0.062    -0.078     0.002     0.017     0.026     0.000
   7    -0.133    -0.142    -0.027     0.046    -0.035     0.007     0.007     0.025    -0.000
   8     0.080    -0.121    -0.141    -0.012     0.099    -0.045    -0.018     0.004     0.000
   9     0.015    -0.019     0.029    -0.015    -0.035    -0.006     0.041     0.028    -0.000
  10    -0.031     0.051    -0.005    -0.006     0.004    -0.015    -0.051     0.016    -0.000
  11    -0.015    -0.012    -0.019    -0.031     0.023    -0.006    -0.003    -0.024     0.000
  12    -0.037     0.029    -0.004     0.025     0.016    -0.012    -0.015     0.024    -0.000
