   0    11.440     1.654    -0.113    -0.497    -0.094     0.056     0.004    -0.008     0.000
   1    -2.133    -1.261     0.500     0.371    -0.170    -0.052    -0.124     0.004    -0.000
   2     1.943    -0.244     1.280    -0.025     0.369    -0.029    -0.004    -0.089    -0.000
   3    -0.574    -0.591    -0.214    -0.581    -0.023    -0.004    -0.003    -0.074     0.000
   4     0.417    -0.050     0.467     0.124     0.101    -0.013    -0.129     0.043    -0.000
   5    -0.406    -0.087     0.103     0.109    -0.113     0.112    -0.115    -0.000    -0.000
   6    -0.038    -0.310    -0.067    -0.082     0.064     0.033    -0.016    -0.100     0.000
   7    -0.033     0.034    -0.117     0.006    -0.027     0.057     0.017     0.044    -0.000
   8     0.034     0.014    -0.094     0.008    -0.031    -0.016    -0.025     0.014    -0.000
   9     0.031     0.040     0.050     0.065    -0.018    -0.034    -0.004    -0.027     0.000
  10    -0.040    -0.021    -0.049     0.029     0.004    -0.005     0.006    -0.030     0.000
  11    -0.034     0.019    -0.018    -0.052    -0.012    -0.014     0.016     0.005    -0.000
  12    -0.024     0.008    -0.026     0.002    -0.021    -0.012     0.017     0.001    -0.000
