   0     4.989    -1.597     0.063     0.286    -0.004    -0.037     0.029    -0.002     0.000
   1     1.734    -1.005    -0.218     0.034     0.000    -0.033     0.096     0.040     0.000
   2    -1.192     1.354     0.134    -0.285     0.043    -0.038    -0.060     0.102    -0.000
   3    -0.293     0.573     0.045    -0.354     0.123     0.067    -0.052    -0.110     0.000
   4    -0.809     0.327     0.171     0.127    -0.035    -0.116     0.050     0.157    -0.000
   5    -0.300     0.183     0.069    -0.070     0.016     0.005     0.039     0.030    -0.000
   6     0.379     0.038     0.223     0.006    -0.078    -0.006    -0.045     0.038    -0.000
   7    -0.044     0.017     0.019     0.007    -0.014     0.054     0.003    -0.035     0.000
   8    -0.090    -0.022    -0.025     0.020    -0.021    -0.046    -0.001     0.051    -0.000
   9     0.095    -0.001    -0.032    -0.016     0.012     0.004     0.008     0.009    -0.000
  10     0.061     0.009     0.014     0.006     0.004    -0.016    -0.023    -0.012     0.000
  11    -0.026    -0.013    -0.022     0.008    -0.002     0.012     0.008    -0.016     0.000
  12    -0.005    -0.023    -0.024     0.018     0.002    -0.013     0.009    -0.002    -0.000
