   0     6.303    -2.112     0.013     0.412     0.035    -0.072     0.043     0.037     0.000
   1     2.397    -0.692    -0.262    -0.135     0.035     0.039     0.114     0.020     0.000
   2    -1.512     1.500     0.216    -0.213     0.041    -0.091    -0.027     0.156    -0.000
   3    -0.489     0.963    -0.033    -0.452     0.113     0.015    -0.088    -0.041    -0.000
   4    -0.544     0.064     0.270     0.270    -0.035    -0.107     0.091     0.174    -0.000
   5    -0.366     0.231     0.126    -0.086    -0.068     0.021     0.049    -0.003    -0.000
   6     0.501     0.136     0.232    -0.007    -0.074     0.042    -0.020     0.014    -0.000
   7    -0.051    -0.008     0.027     0.020    -0.057     0.048    -0.014    -0.056     0.000
   8    -0.179     0.068    -0.063    -0.030    -0.006    -0.047     0.022     0.045    -0.000
   9     0.097    -0.002    -0.031    -0.006     0.014    -0.008     0.005     0.013    -0.000
  10     0.072    -0.010     0.005     0.007    -0.004    -0.029    -0.012     0.001     0.000
  11    -0.030    -0.003    -0.016     0.007    -0.006     0.018     0.008    -0.010     0.000
  12     0.007    -0.041    -0.033     0.006    -0.002    -0.011     0.019     0.004     0.000
