   0     2.483     0.039     0.003     0.079    -0.004     0.004     0.056     0.007    -0.000
   1    -0.333     0.012    -0.147     0.026     0.023     0.019     0.029     0.030    -0.000
   2     0.322    -0.080     0.100     0.055     0.072    -0.047     0.035     0.003    -0.000
   3    -0.357    -0.036     0.024     0.015     0.006     0.019    -0.000     0.044    -0.000
   4    -0.167     0.079    -0.036    -0.007     0.029     0.044    -0.012    -0.035     0.000
   5     0.109     0.028     0.005     0.007    -0.004     0.023    -0.003    -0.018     0.000
   6     0.281    -0.016     0.043     0.004     0.014    -0.008     0.023     0.020    -0.000
   7    -0.107    -0.016    -0.004     0.013    -0.008    -0.002    -0.015     0.019    -0.000
   8    -0.031    -0.010    -0.024    -0.002    -0.012     0.007    -0.006     0.003    -0.000
   9     0.002    -0.001     0.015    -0.001    -0.016    -0.019     0.004    -0.003     0.000
  10     0.016    -0.001    -0.011    -0.008    -0.010     0.011    -0.004     0.008    -0.000
  11     0.032     0.002    -0.003    -0.002    -0.006    -0.005     0.004    -0.013     0.000
  12    -0.001    -0.009     0.000    -0.002     0.008     0.003     0.000    -0.001     0.000
