   0     8.196    -1.093     0.271     0.306    -0.082     0.040     0.022     0.092    -0.000
   1     1.791     0.927     0.513    -0.179    -0.029     0.093     0.040     0.127    -0.000
   2     0.840    -0.105     0.130     0.073    -0.140     0.056    -0.015    -0.051    -0.000
   3    -0.816     0.573     0.261     0.046    -0.101     0.003    -0.019     0.075    -0.000
   4    -0.627     0.111    -0.049     0.038     0.008     0.170    -0.007     0.048    -0.000
   5    -0.192     0.125     0.080     0.026     0.070     0.043     0.018    -0.026     0.000
   6     0.038     0.170    -0.032     0.036    -0.031     0.076     0.023    -0.003    -0.000
   7    -0.133     0.044     0.014    -0.000     0.012    -0.020    -0.000    -0.003    -0.000
   8     0.048    -0.054     0.015     0.001     0.000    -0.032     0.035    -0.006     0.000
   9    -0.056     0.051     0.033    -0.056     0.004     0.007    -0.004    -0.010     0.000
  10     0.023    -0.029     0.018     0.039    -0.018     0.001     0.008     0.000    -0.000
  11    -0.008     0.013     0.009    -0.040     0.014    -0.003    -0.004    -0.013     0.000
  12    -0.015    -0.023     0.014    -0.006    -0.010    -0.004    -0.007     0.002     0.000
