   0     4.345    -0.303    -0.101     0.076    -0.076    -0.052     0.056    -0.050     0.000
   1    -0.507    -0.185    -0.017     0.079     0.119     0.043    -0.024    -0.048     0.000
   2     0.565    -0.099     0.100     0.033     0.004    -0.008     0.019    -0.017    -0.000
   3    -0.880    -0.217    -0.063    -0.019    -0.113    -0.125     0.022    -0.013     0.000
   4    -0.829     0.267    -0.023    -0.072     0.053     0.098    -0.034    -0.066     0.000
   5     0.127     0.044    -0.024    -0.034     0.144     0.061    -0.038    -0.036     0.000
   6     0.274     0.020    -0.022    -0.034    -0.037    -0.027     0.023     0.003     0.000
   7    -0.089    -0.048    -0.059     0.012    -0.006    -0.030    -0.017     0.015    -0.000
   8    -0.011     0.076    -0.011    -0.006     0.025     0.020     0.003    -0.018     0.000
   9     0.035     0.032    -0.006    -0.004     0.012    -0.006    -0.001    -0.004     0.000
  10    -0.018    -0.031     0.017    -0.032    -0.027    -0.009     0.018    -0.009     0.000
  11     0.040    -0.022    -0.010     0.002    -0.006     0.005    -0.000    -0.006     0.000
  12    -0.024     0.011     0.005     0.004     0.010     0.009    -0.006     0.004    -0.000
