   0     6.418    -1.100    -0.020     0.244     0.025    -0.024     0.009     0.020     0.000
   1     1.466    -0.589     0.142     0.069     0.006     0.037     0.024     0.162    -0.000
   2     0.415     0.049     0.071     0.003    -0.002     0.013    -0.013     0.003    -0.000
   3    -0.955     0.418    -0.039    -0.084    -0.068    -0.025     0.015     0.040    -0.000
   4    -1.172     0.095    -0.026     0.047    -0.021     0.092    -0.023     0.069    -0.000
   5     0.067     0.158    -0.029     0.034     0.039     0.005    -0.019     0.064    -0.000
   6     0.042     0.135    -0.111     0.023     0.012     0.009     0.002    -0.011    -0.000
   7    -0.089     0.023    -0.036     0.014    -0.008    -0.016     0.011     0.018    -0.000
   8    -0.097     0.002    -0.028    -0.025     0.031    -0.005     0.003    -0.017     0.000
   9     0.091     0.001    -0.001    -0.019    -0.008    -0.004    -0.026    -0.004     0.000
  10     0.000     0.014    -0.003     0.004    -0.016     0.010    -0.002    -0.021     0.000
  11     0.021    -0.029     0.001    -0.021    -0.006    -0.017    -0.003    -0.002     0.000
  12    -0.012    -0.020     0.014    -0.006     0.006     0.020    -0.007    -0.008     0.000
