   0     4.639    -0.409    -0.106     0.168    -0.072    -0.019     0.050    -0.020     0.000
   1    -0.251    -0.374     0.003     0.033     0.105     0.049     0.018    -0.063     0.000
   2     0.501    -0.070     0.124     0.034     0.025    -0.024     0.016    -0.004    -0.000
   3    -1.084    -0.191    -0.075     0.045    -0.129    -0.085     0.016     0.002     0.000
   4    -1.045     0.294    -0.006    -0.072     0.047     0.073    -0.016    -0.036     0.000
   5     0.210     0.008    -0.021    -0.080     0.133     0.052    -0.042    -0.045     0.000
   6     0.219     0.054    -0.010     0.020    -0.035    -0.034     0.022     0.018    -0.000
   7    -0.086    -0.025    -0.070     0.041    -0.006    -0.019    -0.005     0.018    -0.000
   8     0.033     0.092    -0.006    -0.026     0.018     0.019     0.015    -0.030     0.000
   9     0.076     0.016    -0.005    -0.009     0.006    -0.005    -0.003    -0.014     0.000
  10    -0.035    -0.017     0.017    -0.011    -0.023    -0.005     0.018    -0.007     0.000
  11     0.035    -0.034    -0.014     0.004    -0.012     0.000     0.000    -0.004    -0.000
  12    -0.009     0.008    -0.002    -0.006     0.004     0.014     0.002    -0.003     0.000
