   0     8.185     0.366    -0.261     0.256     0.101    -0.108     0.010    -0.113     0.000
   1    -0.443    -0.146     0.273     0.070    -0.002    -0.154    -0.157    -0.076     0.000
   2     0.157     0.277     0.068    -0.009     0.193     0.123     0.049    -0.043     0.000
   3    -0.028     0.214    -0.133    -0.004     0.035    -0.161    -0.044     0.019    -0.000
   4    -0.493    -0.257     0.054    -0.040     0.228    -0.008    -0.056     0.016     0.000
   5    -0.180    -0.043    -0.187    -0.059    -0.121    -0.063    -0.093     0.065    -0.000
   6     0.233    -0.080    -0.227    -0.185     0.082    -0.217    -0.059    -0.014     0.000
   7     0.093     0.116     0.029     0.013    -0.078    -0.067    -0.028     0.006     0.000
   8    -0.046    -0.079     0.065    -0.029     0.084    -0.078     0.040     0.004     0.000
   9     0.033    -0.030    -0.042    -0.011    -0.008    -0.016    -0.021    -0.006     0.000
  10    -0.025     0.003     0.029    -0.040     0.018    -0.009     0.054    -0.007     0.000
  11     0.017    -0.008     0.003     0.023    -0.012     0.022    -0.011    -0.015     0.000
  12    -0.017     0.028     0.020     0.000    -0.012     0.014     0.000    -0.002    -0.000
