   0     9.692     0.227     0.477    -0.137     0.043     0.100     0.057     0.044    -0.000
   1    -0.510     0.841     0.648     0.527    -0.029    -0.205     0.156     0.194    -0.000
   2     1.489     0.240     0.832     0.010     0.135    -0.001    -0.020    -0.069     0.000
   3    -0.173    -0.200     0.212    -0.256     0.004    -0.053    -0.043     0.128    -0.000
   4    -0.559     0.065     0.201    -0.013     0.125     0.064     0.083    -0.065     0.000
   5    -0.354    -0.020    -0.170     0.163     0.111    -0.081     0.023     0.134    -0.000
   6     0.239     0.209    -0.079    -0.032     0.076     0.056    -0.062    -0.070     0.000
   7     0.040    -0.115     0.122     0.012     0.033    -0.045     0.062     0.106    -0.000
   8     0.021     0.083     0.177    -0.001    -0.072     0.071     0.055    -0.086     0.000
   9    -0.048    -0.070    -0.019    -0.024    -0.002    -0.031    -0.003     0.012    -0.000
  10    -0.016     0.037    -0.020     0.003    -0.012     0.057     0.018    -0.042     0.000
  11     0.022    -0.005    -0.012    -0.015     0.018    -0.010     0.001    -0.005     0.000
  12    -0.020    -0.003    -0.008    -0.014    -0.023     0.005    -0.006     0.002    -0.000
