   0     4.907    -0.540    -0.088     0.221    -0.012    -0.000     0.027     0.006    -0.000
   1     0.115    -0.585    -0.029     0.070     0.041     0.018    -0.003     0.004     0.000
   2     0.481    -0.037     0.144     0.026     0.049    -0.020     0.029     0.005    -0.000
   3    -1.159    -0.014    -0.050     0.016    -0.068    -0.030     0.004     0.007    -0.000
   4    -1.154     0.221     0.001    -0.023     0.025     0.049     0.004     0.019    -0.000
   5     0.251     0.027    -0.027    -0.084     0.074     0.036    -0.049    -0.029     0.000
   6     0.201     0.083     0.010     0.054    -0.006    -0.023     0.032     0.012    -0.000
   7    -0.097     0.020    -0.045     0.027     0.006    -0.007     0.005     0.022    -0.000
   8     0.025     0.076    -0.014    -0.027     0.014     0.003     0.016    -0.024     0.000
   9     0.123    -0.001    -0.005    -0.001    -0.002    -0.016    -0.013    -0.017     0.000
  10    -0.023     0.011     0.015     0.014    -0.010    -0.004     0.010    -0.009     0.000
  11     0.024    -0.034    -0.009     0.002    -0.012    -0.009    -0.003     0.003    -0.000
  12    -0.001    -0.005    -0.006    -0.004     0.002     0.017     0.002    -0.003     0.000
