   0     5.476    -0.821    -0.077     0.224     0.029    -0.022     0.006     0.014    -0.000
   1     0.686    -0.708    -0.015     0.102     0.014     0.029    -0.019     0.114    -0.000
   2     0.454    -0.001     0.120     0.016     0.043    -0.012     0.016     0.005     0.000
   3    -1.084     0.187    -0.062    -0.060    -0.045    -0.028    -0.003     0.009    -0.000
   4    -1.214     0.150    -0.009     0.023     0.012     0.060    -0.003     0.050    -0.000
   5     0.193     0.127    -0.044    -0.034     0.043     0.024    -0.045     0.018    -0.000
   6     0.136     0.101    -0.032     0.037     0.023    -0.016     0.023    -0.010     0.000
   7    -0.098     0.036    -0.027     0.008     0.004    -0.021     0.004     0.010    -0.000
   8    -0.045     0.052    -0.030    -0.023     0.031    -0.004     0.009    -0.015     0.000
   9     0.136    -0.006    -0.005     0.003    -0.006    -0.020    -0.026    -0.014     0.000
  10    -0.010     0.028     0.007     0.021    -0.004     0.001     0.004    -0.013     0.000
  11     0.018    -0.033    -0.004    -0.011    -0.008    -0.017    -0.006     0.003    -0.000
  12     0.000    -0.010     0.003     0.001     0.004     0.020     0.002     0.001    -0.000
