   0     3.041     0.022     0.030     0.076    -0.000    -0.008     0.061    -0.028     0.000
   1    -0.456     0.011    -0.154     0.037     0.027    -0.026    -0.007     0.044    -0.000
   2     0.416    -0.064     0.124     0.044     0.076    -0.031     0.041    -0.015    -0.000
   3    -0.521    -0.048     0.032     0.005    -0.018     0.011    -0.001     0.036    -0.000
   4    -0.246     0.126    -0.029    -0.015     0.047     0.055    -0.010    -0.032     0.000
   5     0.124     0.027    -0.023     0.001     0.010     0.025    -0.018    -0.007     0.000
   6     0.330     0.006     0.040    -0.008     0.021     0.009     0.027     0.017    -0.000
   7    -0.134    -0.042    -0.016     0.010    -0.016    -0.010    -0.020     0.027    -0.000
   8    -0.032    -0.017    -0.027     0.002    -0.006     0.009    -0.011     0.013    -0.000
   9     0.007    -0.005     0.003     0.006    -0.018    -0.023     0.005    -0.005    -0.000
  10     0.023    -0.006    -0.004    -0.012    -0.021     0.014    -0.006     0.007    -0.000
  11     0.042    -0.006    -0.008     0.002    -0.006    -0.006     0.007    -0.017     0.000
  12    -0.009    -0.005    -0.000    -0.004     0.006     0.003    -0.007     0.003    -0.000
