   0     9.429    -0.574     0.541    -0.014    -0.045     0.094     0.062     0.124    -0.000
   1     0.055     1.527     0.567     0.306     0.060    -0.313     0.082     0.190    -0.000
   2     1.578     0.030     0.809     0.017    -0.025     0.038    -0.014    -0.083     0.000
   3    -0.396    -0.304     0.263    -0.018    -0.041    -0.086     0.004     0.156    -0.000
   4    -0.510     0.291     0.135    -0.099     0.111     0.104     0.058    -0.059     0.000
   5    -0.442     0.024    -0.096     0.182     0.127    -0.105     0.028     0.041    -0.000
   6     0.187     0.167     0.138    -0.110     0.101     0.073    -0.022    -0.077     0.000
   7    -0.033    -0.124    -0.011     0.055    -0.002    -0.049     0.081     0.042    -0.000
   8     0.081     0.163     0.082    -0.085    -0.025     0.027     0.048    -0.089     0.000
   9    -0.073    -0.040     0.002     0.022    -0.035    -0.029     0.001    -0.018     0.000
  10    -0.050     0.024     0.003    -0.035     0.010     0.032     0.027    -0.045     0.000
  11     0.024     0.004    -0.023    -0.002     0.016    -0.006    -0.003    -0.006     0.000
  12    -0.013     0.006    -0.026    -0.015    -0.006    -0.008     0.002    -0.005     0.000
