   0     3.928    -0.158    -0.046     0.038    -0.057    -0.034     0.058    -0.054    -0.000
   1    -0.598    -0.081    -0.064     0.110     0.074    -0.068    -0.087     0.010     0.000
   2     0.593    -0.092     0.102     0.031     0.014     0.008     0.024    -0.013     0.000
   3    -0.708    -0.133    -0.003    -0.036    -0.080    -0.078     0.027     0.007    -0.000
   4    -0.540     0.200    -0.036    -0.050     0.041     0.075    -0.043    -0.051     0.000
   5     0.088     0.041    -0.025     0.013     0.094     0.018    -0.042    -0.010    -0.000
   6     0.327     0.018    -0.001    -0.043    -0.006     0.010     0.025     0.008     0.000
   7    -0.119    -0.048    -0.033     0.001    -0.012    -0.023    -0.009     0.018    -0.000
   8    -0.040     0.028    -0.015     0.008     0.016     0.001    -0.017     0.000    -0.000
   9     0.012     0.018    -0.006     0.010     0.002    -0.022     0.002    -0.000     0.000
  10     0.010    -0.024     0.016    -0.035    -0.023     0.009     0.014    -0.007     0.000
  11     0.039    -0.010    -0.011     0.008    -0.006     0.000     0.005    -0.007     0.000
  12    -0.032     0.006     0.009     0.002     0.014     0.006    -0.013     0.005    -0.000
