   0     8.816    -1.012     0.400     0.202    -0.125     0.079     0.032     0.120    -0.000
   1     0.913     1.652     0.505    -0.060     0.062    -0.115     0.032     0.131     0.000
   2     1.280    -0.131     0.488     0.057    -0.148     0.070    -0.002    -0.072     0.000
   3    -0.671     0.110     0.248     0.128    -0.092    -0.045    -0.006     0.109    -0.000
   4    -0.464     0.314     0.058    -0.086     0.096     0.159     0.013     0.001    -0.000
   5    -0.400     0.128    -0.007     0.099     0.107    -0.031     0.036    -0.055     0.000
   6     0.113     0.143     0.157    -0.064     0.041     0.082     0.025    -0.030    -0.000
   7    -0.109    -0.017    -0.048     0.034     0.004    -0.047     0.041    -0.013     0.000
   8     0.108     0.078     0.028    -0.071     0.018    -0.009     0.051    -0.047     0.000
   9    -0.085     0.031     0.027    -0.002    -0.018    -0.009     0.002    -0.028     0.000
  10    -0.022     0.004     0.022    -0.002     0.006     0.014     0.028    -0.017     0.000
  11    -0.001     0.014    -0.013    -0.023     0.012    -0.000    -0.009    -0.014     0.000
  12    -0.006    -0.005    -0.010    -0.004    -0.002    -0.010    -0.000    -0.008     0.000
