   0     7.428    -1.162     0.126     0.284    -0.004    -0.002     0.024     0.045     0.000
   1     2.028    -0.021     0.381    -0.061    -0.033     0.085     0.069     0.145    -0.000
   2     0.514     0.006     0.024     0.022    -0.076     0.042    -0.022    -0.015    -0.000
   3    -0.867     0.627     0.132    -0.054    -0.080     0.003     0.009     0.066    -0.000
   4    -0.940     0.026    -0.060     0.075    -0.045     0.140    -0.018     0.076    -0.000
   5    -0.037     0.105     0.047     0.037     0.047     0.028     0.003     0.057    -0.000
   6     0.005     0.168    -0.145     0.045    -0.037     0.050     0.002    -0.003    -0.000
   7    -0.106     0.036     0.003     0.009     0.002    -0.001     0.005     0.027    -0.000
   8    -0.054    -0.069    -0.008     0.001    -0.000    -0.028     0.014    -0.004     0.000
   9     0.014     0.022     0.013    -0.056     0.000     0.010    -0.013     0.003     0.000
  10     0.020    -0.025    -0.006     0.023    -0.027     0.004    -0.007    -0.015     0.000
  11     0.013    -0.009     0.003    -0.027     0.008    -0.011     0.002    -0.006     0.000
  12    -0.023    -0.028     0.018    -0.010     0.002     0.006    -0.010    -0.004     0.000
