   0     9.318     0.710     0.156    -0.039     0.045     0.047     0.031    -0.068    -0.000
   1    -0.733     0.282     0.617     0.404     0.010    -0.051     0.170     0.083    -0.000
   2     1.041     0.345     0.592    -0.002     0.197     0.046     0.001    -0.028     0.000
   3    -0.124     0.107     0.017    -0.218     0.027    -0.044    -0.068     0.036     0.000
   4    -0.497    -0.085     0.263    -0.032     0.209     0.051     0.067    -0.001     0.000
   5    -0.323    -0.050    -0.198     0.101     0.078    -0.042     0.042     0.104    -0.000
   6     0.240     0.160    -0.237     0.013    -0.012     0.012    -0.066    -0.008     0.000
   7     0.080     0.004     0.169     0.022     0.076    -0.044     0.042     0.100    -0.000
   8    -0.032    -0.021     0.201     0.045    -0.018     0.061     0.061    -0.050     0.000
   9    -0.016    -0.062    -0.015    -0.049     0.039    -0.031     0.012     0.018    -0.000
  10     0.002     0.053    -0.020     0.032    -0.025     0.053     0.018    -0.027     0.000
  11     0.009    -0.019    -0.007    -0.011     0.016    -0.004    -0.004    -0.001     0.000
  12    -0.019    -0.008     0.009    -0.004    -0.010     0.015    -0.004    -0.001    -0.000
