   0     8.047     0.251    -0.296     0.270     0.094    -0.134     0.009    -0.123     0.000
   1    -0.351    -0.178     0.173     0.002    -0.078    -0.183    -0.195    -0.102     0.000
   2     0.049     0.202     0.007    -0.016     0.191     0.111     0.065    -0.061     0.000
   3     0.000     0.182    -0.158    -0.033    -0.004    -0.189    -0.051     0.036     0.000
   4    -0.513    -0.337     0.022    -0.026     0.218    -0.019    -0.086     0.009     0.000
   5    -0.137    -0.002    -0.208    -0.117    -0.174    -0.063    -0.128     0.076    -0.000
   6     0.254    -0.165    -0.214    -0.225     0.131    -0.261    -0.063    -0.024     0.000
   7     0.084     0.122    -0.015    -0.020    -0.125    -0.078    -0.064     0.004     0.000
   8    -0.043    -0.099     0.053    -0.030     0.103    -0.098     0.032     0.017     0.000
   9     0.037    -0.013    -0.052    -0.011    -0.031    -0.011    -0.044    -0.005     0.000
  10    -0.023    -0.019     0.038    -0.042     0.033    -0.017     0.060    -0.003     0.000
  11     0.020     0.007     0.006     0.023    -0.023     0.025    -0.015    -0.018     0.000
  12    -0.017     0.029     0.019     0.000    -0.016     0.010    -0.003     0.002    -0.000
