   0     8.654     0.630    -0.134     0.157     0.072    -0.040     0.015    -0.109     0.000
   1    -0.645    -0.006     0.475     0.211     0.080    -0.078     0.009    -0.019    -0.000
   2     0.508     0.354     0.279    -0.006     0.197     0.116     0.021    -0.012    -0.000
   3    -0.099     0.236    -0.097    -0.038     0.064    -0.101    -0.045    -0.007     0.000
   4    -0.460    -0.138     0.175    -0.064     0.248     0.022     0.012     0.032     0.000
   5    -0.274    -0.092    -0.176     0.040    -0.006    -0.051    -0.006     0.058    -0.000
   6     0.215     0.066    -0.261    -0.075    -0.012    -0.096    -0.059     0.011     0.000
   7     0.099     0.088     0.119     0.055     0.025    -0.049     0.028     0.041    -0.000
   8    -0.052    -0.058     0.120     0.005     0.045    -0.016     0.054    -0.019     0.000
   9     0.017    -0.054    -0.020    -0.028     0.035    -0.029     0.015     0.003     0.000
  10    -0.017     0.041     0.006    -0.004    -0.012     0.018     0.036    -0.015     0.000
  11     0.006    -0.026    -0.002     0.015     0.008     0.015    -0.008    -0.007     0.000
  12    -0.019     0.009     0.019     0.000    -0.002     0.017     0.003    -0.005     0.000
