   0     3.497    -0.045     0.019     0.060    -0.027    -0.005     0.057    -0.047     0.000
   1    -0.547    -0.017    -0.130     0.058     0.037    -0.092    -0.070     0.053    -0.000
   2     0.529    -0.064     0.126     0.029     0.047    -0.005     0.030    -0.016     0.000
   3    -0.623    -0.074     0.038    -0.006    -0.060    -0.011     0.013     0.030    -0.000
   4    -0.342     0.171    -0.027    -0.036     0.049     0.056    -0.027    -0.031     0.000
   5     0.105     0.020    -0.030     0.011     0.043     0.006    -0.036     0.002     0.000
   6     0.344     0.019     0.036    -0.026     0.016     0.026     0.021     0.017    -0.000
   7    -0.139    -0.053    -0.020     0.010    -0.021    -0.013    -0.013     0.027    -0.000
   8    -0.037    -0.005    -0.019     0.000     0.008    -0.003    -0.019     0.015    -0.000
   9     0.006    -0.004    -0.009     0.016    -0.010    -0.027     0.004    -0.002     0.000
  10     0.021    -0.013     0.012    -0.022    -0.025     0.018     0.001     0.001    -0.000
  11     0.041    -0.007    -0.014     0.010    -0.008    -0.005     0.009    -0.016     0.000
  12    -0.025     0.006     0.005    -0.004     0.012    -0.001    -0.012     0.004     0.000
