   0     1.841     0.043     0.002     0.067    -0.033     0.011     0.052     0.044    -0.000
   1    -0.196    -0.001    -0.169    -0.053     0.010     0.033     0.052     0.001    -0.000
   2     0.268    -0.080     0.064     0.034     0.045    -0.053     0.011     0.019    -0.000
   3    -0.173    -0.016     0.028     0.020    -0.000     0.026     0.022     0.062    -0.000
   4    -0.079     0.050    -0.041    -0.018     0.008     0.024    -0.018    -0.024     0.000
   5     0.064     0.012     0.008    -0.008    -0.014     0.015     0.015    -0.024     0.000
   6     0.212    -0.035     0.044     0.001     0.006    -0.025     0.004     0.016    -0.000
   7    -0.076     0.007     0.009     0.015    -0.016     0.009     0.003     0.017    -0.000
   8    -0.025     0.006    -0.014    -0.004    -0.012    -0.001     0.000     0.004    -0.000
   9    -0.004    -0.006     0.020    -0.002    -0.008    -0.013     0.000     0.001     0.000
  10     0.007    -0.008    -0.008    -0.010     0.002     0.002    -0.006    -0.000     0.000
  11     0.019     0.007    -0.004    -0.000    -0.006    -0.002     0.000    -0.012     0.000
  12    -0.004    -0.007     0.002     0.002     0.012     0.005    -0.002     0.001    -0.000
