   0     1.777    -0.105    -0.073     0.057    -0.025     0.034    -0.001    -0.011     0.000
   1     0.134     0.060    -0.040    -0.022    -0.062     0.031     0.040     0.013    -0.000
   2     0.117    -0.033     0.075     0.003     0.025     0.010     0.022     0.044    -0.000
   3    -0.032    -0.010    -0.048    -0.029     0.084     0.072     0.003    -0.024     0.000
   4    -0.104     0.077     0.001    -0.030     0.055     0.058    -0.003    -0.031     0.000
   5    -0.069     0.059     0.033    -0.008    -0.018     0.006     0.016     0.008    -0.000
   6     0.199    -0.005     0.003     0.008    -0.014    -0.006     0.018     0.014    -0.000
   7    -0.050    -0.005    -0.004     0.002     0.006     0.004     0.000     0.007    -0.000
   8     0.013    -0.020    -0.028     0.025    -0.012     0.005    -0.022     0.002     0.000
   9     0.029    -0.005    -0.011     0.002    -0.016    -0.017     0.003    -0.002     0.000
  10     0.036    -0.003     0.006     0.004    -0.010    -0.004    -0.002    -0.001    -0.000
  11     0.002    -0.006    -0.006     0.004    -0.008    -0.013    -0.001    -0.002     0.000
  12    -0.026    -0.005    -0.001    -0.006     0.016     0.010    -0.004    -0.005     0.000
