   0    11.815    -3.056     0.449     0.039    -0.363     0.169    -0.072    -0.046    -0.000
   1     0.037     1.823     0.417    -0.331    -0.296    -0.218    -0.004     0.089    -0.000
   2     1.804    -1.002     2.072     0.370    -0.655     0.076     0.031    -0.057    -0.000
   3    -1.393     0.845     0.014     0.069     0.234    -0.046    -0.045     0.020     0.000
   4     0.904    -0.033    -0.248    -0.100     0.361     0.204     0.076     0.023    -0.000
   5    -0.242    -0.453    -0.074     0.221    -0.002     0.006    -0.002     0.014    -0.000
   6    -0.319     0.476    -0.091    -0.074    -0.080     0.073     0.031    -0.004     0.000
   7    -0.128    -0.167    -0.043     0.006     0.096     0.003    -0.000    -0.026    -0.000
   8     0.107    -0.034    -0.252     0.038    -0.035     0.011    -0.054     0.017    -0.000
   9    -0.001     0.017    -0.025    -0.056     0.074     0.007    -0.033    -0.001     0.000
  10    -0.043     0.044    -0.012    -0.021    -0.033    -0.020     0.008     0.019    -0.000
  11    -0.036    -0.010     0.011    -0.027     0.041     0.016    -0.012    -0.005     0.000
  12    -0.029     0.025    -0.023     0.003     0.023    -0.031    -0.009     0.002     0.000
