   0     8.223     0.732    -0.820     0.030    -0.353    -0.010    -0.051    -0.082     0.000
   1    -1.082    -0.992     0.241    -0.049    -0.041    -0.110     0.220    -0.022    -0.000
   2     0.416    -0.428     0.682     0.021     0.255    -0.075    -0.104    -0.061     0.000
   3     0.005    -0.660    -0.410    -0.352    -0.326    -0.121     0.015     0.126    -0.000
   4     0.331    -0.205    -0.091     0.057     0.101    -0.058     0.031     0.088    -0.000
   5    -0.187     0.110     0.047     0.096    -0.152    -0.093     0.009     0.075    -0.000
   6    -0.047    -0.293     0.149    -0.060    -0.109    -0.050    -0.173     0.063     0.000
   7    -0.045     0.040    -0.084    -0.000     0.074    -0.077     0.052    -0.022     0.000
   8     0.049     0.079    -0.097     0.029    -0.039    -0.017    -0.005     0.053    -0.000
   9     0.019     0.043    -0.018     0.036    -0.000     0.011    -0.015    -0.018     0.000
  10     0.018     0.056    -0.041    -0.005    -0.010    -0.019    -0.002    -0.012     0.000
  11     0.004     0.019    -0.023     0.001    -0.023     0.020     0.004    -0.003     0.000
  12    -0.029    -0.002    -0.002    -0.006     0.008    -0.002    -0.008     0.001     0.000
