   0     6.916    -1.703    -0.217     0.353     0.018     0.021    -0.002    -0.001    -0.000
   1     3.079    -0.645    -0.148    -0.041     0.031    -0.038     0.069     0.064    -0.000
   2    -1.213     1.080     0.285    -0.221     0.072    -0.001     0.158     0.055    -0.000
   3    -0.392     1.069    -0.112    -0.260     0.084    -0.067     0.027     0.029     0.000
   4    -0.403    -0.004     0.177     0.074     0.025     0.034     0.111     0.011    -0.000
   5    -0.421     0.240    -0.010     0.046    -0.051    -0.013    -0.032    -0.011    -0.000
   6     0.440     0.110     0.071     0.015    -0.039    -0.005     0.085     0.050    -0.000
   7    -0.117     0.000     0.008     0.032    -0.051     0.021     0.015     0.009    -0.000
   8    -0.256     0.056    -0.026    -0.027    -0.029     0.010    -0.005    -0.031     0.000
   9     0.129    -0.040    -0.016    -0.007    -0.045    -0.009     0.002    -0.006     0.000
  10     0.076     0.013     0.014    -0.008    -0.010     0.007    -0.007    -0.044     0.000
  11    -0.021    -0.033    -0.007    -0.002    -0.016    -0.013    -0.004     0.007    -0.000
  12    -0.019    -0.026     0.010     0.004     0.014     0.008    -0.009    -0.009     0.000
