   0     8.617    -2.147    -0.094     0.384    -0.041     0.073     0.004    -0.045    -0.000
   1     3.806    -0.199    -0.005    -0.200    -0.103    -0.030     0.142     0.076    -0.000
   2    -0.857     0.705     0.369     0.023     0.090     0.067     0.131     0.048    -0.000
   3    -0.740     1.496    -0.071    -0.300     0.062    -0.108     0.047     0.054    -0.000
   4     0.129    -0.239     0.189     0.185     0.027     0.123     0.087     0.025    -0.000
   5    -0.496     0.228     0.035     0.143    -0.082    -0.045    -0.028     0.043    -0.000
   6     0.282     0.333     0.007     0.014    -0.060     0.023     0.087     0.048    -0.000
   7    -0.103    -0.080     0.025     0.090    -0.016     0.024    -0.012     0.007    -0.000
   8    -0.265     0.025    -0.057    -0.007    -0.031    -0.008     0.013    -0.037     0.000
   9     0.080    -0.069     0.005    -0.004    -0.057    -0.005    -0.003     0.013    -0.000
  10     0.102    -0.016    -0.023    -0.010     0.010     0.014     0.004    -0.047     0.000
  11    -0.024    -0.025     0.000     0.002    -0.021    -0.012     0.000     0.014    -0.000
  12    -0.017    -0.037    -0.001    -0.004     0.029     0.016    -0.004    -0.019     0.000
