   0     5.460    -1.360    -0.212     0.372     0.010    -0.006    -0.005     0.041    -0.000
   1     2.157    -0.944    -0.125     0.047     0.140    -0.015     0.012     0.026     0.000
   2    -1.193     1.085     0.184    -0.358     0.000    -0.014     0.129     0.039    -0.000
   3    -0.187     0.647    -0.065    -0.229     0.082    -0.014     0.030     0.019     0.000
   4    -0.751     0.250     0.096     0.010    -0.012    -0.027     0.080     0.016    -0.000
   5    -0.304     0.140    -0.015    -0.052     0.021    -0.028    -0.048    -0.026     0.000
   6     0.434    -0.019     0.037     0.073    -0.053     0.001     0.078     0.034    -0.000
   7    -0.113     0.035    -0.050    -0.001    -0.037     0.019     0.011     0.019    -0.000
   8    -0.141     0.049    -0.036    -0.004    -0.031     0.022    -0.014    -0.033     0.000
   9     0.122    -0.004    -0.046    -0.029    -0.021     0.002    -0.005    -0.024     0.000
  10     0.067     0.042     0.028    -0.002    -0.002    -0.010    -0.003    -0.030     0.000
  11    -0.021    -0.031    -0.016    -0.007    -0.008    -0.012    -0.007    -0.002     0.000
  12    -0.009    -0.011     0.013     0.006     0.004    -0.003    -0.004    -0.003     0.000
