   0     1.336    -0.020    -0.023     0.065    -0.039     0.025     0.004     0.038    -0.000
   1     0.171     0.060    -0.099    -0.023     0.008     0.067     0.007     0.006    -0.000
   2     0.093    -0.073     0.055    -0.025     0.014    -0.020     0.002     0.017     0.000
   3    -0.048     0.020    -0.011    -0.044     0.064     0.038     0.018     0.012    -0.000
   4    -0.060     0.023     0.002    -0.051     0.031     0.035    -0.021    -0.049     0.000
   5    -0.059     0.005     0.001    -0.029     0.023     0.006     0.010    -0.010     0.000
   6     0.154    -0.022     0.016     0.014    -0.016    -0.015    -0.002     0.003    -0.000
   7    -0.041     0.009     0.005     0.002    -0.008    -0.003     0.010     0.012    -0.000
   8     0.014    -0.006    -0.010     0.031    -0.016     0.005    -0.016     0.008    -0.000
   9     0.029    -0.002    -0.007     0.004    -0.006    -0.008    -0.002     0.001     0.000
  10     0.018    -0.008     0.005     0.008    -0.000    -0.001    -0.003     0.002    -0.000
  11     0.005     0.006    -0.006     0.006    -0.010    -0.007     0.002     0.002    -0.000
  12    -0.025    -0.003     0.010    -0.006     0.010     0.005     0.000    -0.002     0.000
