   0     4.420    -1.054    -0.185     0.335    -0.018    -0.017    -0.009     0.007    -0.000
   1     1.458    -0.918    -0.140     0.072     0.199    -0.004     0.024    -0.022    -0.000
   2    -0.870     0.867     0.107    -0.353    -0.045    -0.006     0.059     0.017     0.000
   3    -0.055     0.266    -0.073    -0.146     0.072    -0.041     0.015    -0.012     0.000
   4    -0.819     0.426     0.014    -0.052    -0.037    -0.031     0.031    -0.025     0.000
   5    -0.202     0.079    -0.027    -0.078     0.082    -0.056    -0.040    -0.008     0.000
   6     0.267     0.015     0.007     0.048    -0.090     0.010     0.058     0.006    -0.000
   7    -0.092     0.005    -0.074     0.004    -0.021     0.003    -0.018     0.015    -0.000
   8    -0.083     0.066    -0.054    -0.007    -0.035     0.033    -0.011    -0.030     0.000
   9     0.095     0.016    -0.055    -0.033    -0.004     0.011    -0.008    -0.026     0.000
  10     0.052     0.019     0.024    -0.009     0.008    -0.010     0.006    -0.015     0.000
  11    -0.018    -0.026    -0.013     0.006    -0.002    -0.002    -0.012    -0.009     0.000
  12     0.005    -0.014     0.006     0.006     0.006    -0.007    -0.002     0.002     0.000
