   0    10.456     1.126    -0.118    -0.151     0.096     0.121     0.036     0.122     0.000
   1    -1.979    -1.087    -0.027     0.474     0.131    -0.041     0.210     0.031    -0.000
   2     1.968    -0.289     1.159    -0.006     0.302    -0.102     0.118    -0.023     0.000
   3    -0.250    -0.558    -0.331    -0.305     0.115     0.040    -0.049     0.015     0.000
   4     0.324     0.169     0.301     0.071     0.257    -0.051     0.013     0.126    -0.000
   5    -0.107    -0.041     0.001     0.106    -0.047     0.070     0.096     0.023    -0.000
   6     0.014    -0.017    -0.254    -0.115    -0.055    -0.036     0.050     0.060    -0.000
   7    -0.000    -0.054    -0.015    -0.021     0.049    -0.022     0.072     0.029    -0.000
   8     0.034     0.008    -0.016     0.015    -0.041     0.037    -0.074    -0.039     0.000
   9    -0.001     0.030     0.064     0.001     0.027     0.036    -0.005     0.032    -0.000
  10     0.002     0.007    -0.032     0.036     0.008     0.009     0.039     0.023    -0.000
  11    -0.041    -0.029     0.009    -0.004    -0.002    -0.004    -0.004    -0.008     0.000
  12    -0.029    -0.006     0.022     0.002     0.025     0.001     0.008     0.010    -0.000
