   0    11.130    -3.249     0.372     0.434    -0.320     0.088    -0.050     0.008    -0.000
   1     2.219     0.942     0.442    -0.573    -0.218     0.026     0.006     0.100     0.000
   2     0.913    -0.869     1.113     0.455    -0.458     0.026     0.145    -0.024    -0.000
   3    -1.420     1.594     0.199    -0.291     0.127    -0.033     0.038     0.073     0.000
   4     1.034    -0.420     0.033     0.154     0.129     0.182     0.016     0.082    -0.000
   5    -0.339    -0.178    -0.011     0.189     0.023    -0.062    -0.049     0.012    -0.000
   6    -0.065     0.468    -0.194     0.057    -0.084     0.046     0.064     0.051    -0.000
   7    -0.117    -0.148    -0.016     0.023     0.105     0.029    -0.014    -0.034     0.000
   8     0.001    -0.032    -0.193     0.090    -0.068    -0.042    -0.008     0.042    -0.000
   9    -0.029    -0.002     0.013    -0.080     0.070     0.030    -0.036     0.010     0.000
  10     0.065     0.018    -0.061     0.010     0.006    -0.035    -0.002     0.014    -0.000
  11    -0.027    -0.020     0.028    -0.039     0.027     0.020    -0.003    -0.004     0.000
  12    -0.045     0.018    -0.006    -0.005     0.012    -0.029    -0.014    -0.014     0.000
