   0    11.990    -1.589     0.453    -0.393    -0.220     0.181    -0.044    -0.030     0.000
   1    -1.588     1.624     0.163     0.078    -0.273    -0.330     0.086     0.014    -0.000
   2     2.417    -0.680     2.590     0.230    -0.201     0.159    -0.150    -0.068     0.000
   3    -1.104    -0.088    -0.201     0.131     0.232    -0.034    -0.092    -0.027     0.000
   4     0.514     0.245    -0.348    -0.223     0.304     0.168     0.177     0.001     0.000
   5    -0.107    -0.399    -0.029     0.129    -0.115     0.040     0.019     0.064    -0.000
   6    -0.342     0.329    -0.092    -0.150     0.012     0.098    -0.033    -0.013     0.000
   7    -0.081    -0.211    -0.009     0.017     0.018    -0.049     0.026    -0.008     0.000
   8     0.132    -0.030    -0.211    -0.026    -0.021     0.043    -0.083    -0.028     0.000
   9     0.020     0.035     0.005     0.001     0.018    -0.024    -0.019    -0.003     0.000
  10    -0.078     0.022     0.049    -0.027    -0.023    -0.019     0.032    -0.005     0.000
  11    -0.035    -0.001    -0.018    -0.000     0.029    -0.009    -0.015    -0.000     0.000
  12    -0.016     0.018    -0.031    -0.004     0.023    -0.013     0.005     0.009    -0.000
