   0     8.490     0.841    -0.724     0.027    -0.289     0.002    -0.045    -0.031    -0.000
   1    -1.214    -1.055     0.193     0.030     0.045    -0.035     0.176    -0.014    -0.000
   2     0.631    -0.398     0.710     0.009     0.263    -0.073    -0.051    -0.031     0.000
   3     0.006    -0.654    -0.364    -0.367    -0.265    -0.126     0.011     0.062     0.000
   4     0.344    -0.089    -0.015     0.100     0.166    -0.021     0.021     0.109    -0.000
   5    -0.223     0.039     0.021     0.069    -0.144    -0.068     0.017     0.044    -0.000
   6     0.002    -0.236     0.151    -0.082    -0.088    -0.030    -0.125     0.062    -0.000
   7    -0.029     0.020    -0.089    -0.014     0.060    -0.047     0.061    -0.007     0.000
   8     0.037     0.081    -0.067     0.003    -0.029     0.004    -0.022     0.036    -0.000
   9     0.004     0.016     0.000     0.029     0.014     0.009     0.007    -0.007     0.000
  10     0.015     0.045    -0.049    -0.002    -0.010    -0.008     0.012     0.002     0.000
  11    -0.004     0.005    -0.016    -0.004    -0.018     0.019    -0.001    -0.005     0.000
  12    -0.028    -0.008     0.000    -0.004     0.012    -0.001     0.000     0.002     0.000
