   0     2.558    -0.259    -0.063     0.050    -0.086    -0.029    -0.029    -0.006     0.000
   1     0.296    -0.242    -0.093     0.013     0.041    -0.054    -0.005     0.051    -0.000
   2     0.188     0.016     0.091    -0.036     0.004     0.029     0.016     0.050    -0.000
   3    -0.003    -0.065    -0.020    -0.046     0.008     0.001     0.009     0.027    -0.000
   4    -0.162     0.147     0.034    -0.054     0.072     0.046    -0.003    -0.003     0.000
   5    -0.031     0.015     0.012     0.004    -0.006    -0.023     0.008     0.039    -0.000
   6     0.232     0.045     0.008    -0.036    -0.002     0.028     0.006     0.012    -0.000
   7    -0.073    -0.031    -0.006     0.006    -0.014    -0.018    -0.007     0.021    -0.000
   8    -0.030     0.018     0.001    -0.018    -0.006     0.014    -0.034     0.011    -0.000
   9     0.013    -0.003    -0.023     0.014    -0.008    -0.024     0.007    -0.002     0.000
  10     0.054     0.009     0.020    -0.027    -0.008     0.006    -0.009    -0.001     0.000
  11    -0.015    -0.012    -0.010     0.022    -0.010    -0.015    -0.000    -0.007     0.000
  12    -0.035     0.001     0.006    -0.021     0.012     0.005    -0.009    -0.000    -0.000
