   0     3.633    -0.752    -0.145     0.216    -0.055    -0.050    -0.036    -0.047     0.000
   1     0.945    -0.725    -0.229     0.111     0.177    -0.044     0.044    -0.035     0.000
   2    -0.356     0.488     0.073    -0.225    -0.039    -0.000     0.017     0.010     0.000
   3     0.046    -0.015    -0.093    -0.069     0.078    -0.101    -0.014    -0.031     0.000
   4    -0.590     0.383    -0.013    -0.089    -0.010     0.001     0.011    -0.049     0.000
   5    -0.107     0.056    -0.060    -0.041     0.086    -0.053    -0.018     0.010     0.000
   6     0.180     0.066     0.002    -0.031    -0.076     0.019     0.036    -0.028     0.000
   7    -0.074    -0.028    -0.044    -0.001    -0.002    -0.021    -0.036     0.003     0.000
   8    -0.078     0.075    -0.045    -0.034    -0.029     0.037    -0.011    -0.020     0.000
   9     0.062     0.015    -0.052    -0.010     0.010    -0.001    -0.003    -0.013     0.000
  10     0.040     0.001     0.018    -0.019    -0.002    -0.001     0.008    -0.015     0.000
  11    -0.013    -0.024    -0.009     0.016     0.008    -0.003    -0.012    -0.006     0.000
  12    -0.009    -0.013    -0.002     0.002     0.008    -0.004     0.002     0.005    -0.000
