   0     3.018    -0.462    -0.096     0.109    -0.088    -0.064    -0.064    -0.039     0.000
   1     0.524    -0.481    -0.185     0.104     0.111    -0.092     0.020     0.023    -0.000
   2     0.040     0.162     0.074    -0.092    -0.018     0.016     0.011     0.032    -0.000
   3     0.049    -0.110    -0.053    -0.036     0.037    -0.083    -0.023     0.006     0.000
   4    -0.306     0.224     0.007    -0.078     0.039     0.026     0.002    -0.020     0.000
   5    -0.050     0.019    -0.033     0.007     0.037    -0.046     0.004     0.033    -0.000
   6     0.194     0.069     0.009    -0.053    -0.031     0.030     0.019    -0.016     0.000
   7    -0.068    -0.035    -0.009     0.003    -0.008    -0.028    -0.025     0.010    -0.000
   8    -0.062     0.056    -0.013    -0.043    -0.014     0.026    -0.025    -0.004     0.000
   9     0.026     0.004    -0.034     0.012    -0.002    -0.022     0.003    -0.002     0.000
  10     0.044     0.007     0.020    -0.031    -0.008     0.004     0.000    -0.010     0.000
  11    -0.018    -0.018    -0.008     0.022    -0.002    -0.010    -0.006    -0.004     0.000
  12    -0.028    -0.003    -0.000    -0.014     0.010     0.005    -0.007    -0.000     0.000
