   0     2.174    -0.155    -0.072     0.045    -0.051     0.012     0.006    -0.011    -0.000
   1     0.191    -0.050    -0.057    -0.033    -0.035     0.014     0.013     0.016    -0.000
   2     0.171    -0.025     0.088     0.001     0.025     0.024     0.027     0.052    -0.000
   3    -0.029    -0.013    -0.033    -0.044     0.041     0.068     0.022    -0.003     0.000
   4    -0.127     0.117     0.016    -0.031     0.074     0.061     0.007    -0.013     0.000
   5    -0.041     0.051     0.027    -0.004    -0.023     0.005     0.011     0.023    -0.000
   6     0.238     0.014    -0.006    -0.010    -0.002     0.007     0.015     0.017    -0.000
   7    -0.065    -0.016    -0.012     0.000     0.000    -0.002    -0.001     0.013    -0.000
   8     0.000    -0.016    -0.020     0.015    -0.010     0.005    -0.029     0.011    -0.000
   9     0.022    -0.004    -0.019     0.004    -0.012    -0.021     0.003    -0.003     0.000
  10     0.050    -0.000     0.013    -0.008    -0.012    -0.000    -0.004    -0.000     0.000
  11    -0.005    -0.010    -0.007     0.010    -0.010    -0.013    -0.002    -0.007     0.000
  12    -0.030    -0.000     0.005    -0.014     0.014     0.007    -0.006    -0.002    -0.000
