   0    10.081    -2.739     0.162     0.481    -0.174     0.067    -0.007    -0.005    -0.000
   1     3.673     0.212     0.256    -0.441    -0.174     0.049     0.110     0.072    -0.000
   2    -0.066    -0.117     0.537     0.303    -0.066     0.090     0.122     0.015    -0.000
   3    -1.141     1.731     0.112    -0.406     0.060    -0.083     0.071     0.086     0.000
   4     0.711    -0.459     0.171     0.270     0.008     0.181     0.047     0.073    -0.000
   5    -0.441     0.072     0.060     0.158    -0.049    -0.086    -0.058     0.059    -0.000
   6     0.147     0.429    -0.131     0.079    -0.072     0.047     0.071     0.061    -0.000
   7    -0.097    -0.132     0.009     0.073     0.060     0.036    -0.026    -0.011    -0.000
   8    -0.133    -0.031    -0.113     0.061    -0.045    -0.034     0.017    -0.007     0.000
   9    -0.000    -0.047     0.022    -0.047    -0.002     0.016    -0.017     0.019    -0.000
  10     0.123    -0.003    -0.057     0.003     0.023    -0.018     0.013    -0.025     0.000
  11    -0.024    -0.020     0.017    -0.014    -0.004     0.000     0.002     0.009    -0.000
  12    -0.035    -0.007    -0.003    -0.011     0.018    -0.002    -0.005    -0.028     0.000
