   0    11.498     0.278     0.260    -0.391     0.014     0.143     0.008     0.056    -0.000
   1    -2.136     0.111    -0.047     0.389    -0.115    -0.209     0.184     0.007    -0.000
   2     2.462    -0.372     2.041     0.118     0.287     0.040    -0.071    -0.062    -0.000
   3    -0.673    -0.486    -0.292    -0.116     0.164     0.053    -0.083    -0.003     0.000
   4     0.286     0.201    -0.038    -0.131     0.138     0.015     0.117     0.067    -0.000
   5    -0.010    -0.094     0.014     0.095    -0.107     0.064     0.067     0.057    -0.000
   6    -0.160     0.134    -0.281    -0.133     0.039     0.038    -0.013     0.019     0.000
   7    -0.026    -0.180     0.036     0.012     0.002    -0.074     0.059     0.013    -0.000
   8     0.081    -0.012    -0.106    -0.006    -0.066     0.028    -0.086    -0.046     0.000
   9     0.018     0.060     0.059     0.019     0.006     0.002    -0.024     0.013    -0.000
  10    -0.031    -0.019     0.037     0.010     0.012    -0.013     0.034    -0.001    -0.000
  11    -0.039    -0.010    -0.018     0.006     0.004    -0.016    -0.006    -0.004     0.000
  12    -0.026     0.009    -0.005    -0.004     0.023     0.004     0.006     0.014    -0.000
