   0     9.295     1.074    -0.468    -0.010    -0.080     0.060    -0.004     0.077     0.000
   1    -1.572    -1.236     0.091     0.268     0.197     0.048     0.159     0.012    -0.000
   2     1.241    -0.338     0.778    -0.030     0.248    -0.098     0.090     0.005     0.000
   3    -0.034    -0.629    -0.329    -0.373    -0.062    -0.076    -0.010    -0.003     0.000
   4     0.371     0.109     0.220     0.161     0.314    -0.005     0.004     0.137    -0.000
   5    -0.236    -0.072    -0.007     0.062    -0.092     0.008     0.056     0.015    -0.000
   6     0.065    -0.129     0.014    -0.108    -0.084    -0.035    -0.007     0.074    -0.000
   7     0.002     0.009    -0.080    -0.035     0.055     0.004     0.073     0.021    -0.000
   8     0.022     0.048    -0.012    -0.011    -0.010     0.039    -0.052    -0.004     0.000
   9    -0.012    -0.004     0.039     0.005     0.037     0.020     0.023     0.020    -0.000
  10     0.004     0.035    -0.063     0.023    -0.004     0.010     0.037     0.025    -0.000
  11    -0.025    -0.024     0.008    -0.010    -0.006     0.013    -0.007    -0.006     0.000
  12    -0.024    -0.015     0.012    -0.000     0.023    -0.003     0.008     0.003    -0.000
